3 7000
-0.38497 -0.1589 0.0978342 
0.000361839 0.000586617 -6.40157e-05 
2.73629e-05 0 0 0 0 0 
0 2.73629e-05 0 1.32349e-23 0 0 
0 0 2.73629e-05 0 0 0 
0 2.64698e-23 -5.29396e-23 6.95316e-08 6.29653e-08 3.14141e-08 
-2.64698e-23 0 0 6.29653e-08 1.24764e-07 -2.2459e-08 
5.29396e-23 0 0 3.14141e-08 -2.2459e-08 1.37811e-07 
-0.283578 -0.301353 0.0610897 
0.000406089 0.000220938 -9.02192e-05 
2.73629e-05 0 0 0 0 0 
0 2.73629e-05 0 0 0 0 
0 0 2.73629e-05 1.32349e-23 -9.92617e-24 0 
0 -2.64698e-23 1.98523e-23 2.10169e-07 8.13543e-08 3.08864e-08 
2.64698e-23 0 4.30134e-23 8.13543e-08 6.95035e-08 -6.98792e-08 
-1.98523e-23 -4.30134e-23 0 3.08864e-08 -6.98792e-08 2.15466e-07 
0.0604949 -0.388244 -0.0373192 
-0.000594667 9.2505e-05 0.000165276 
2.73629e-05 0 0 0 -9.26442e-23 5.29396e-23 
0 2.73629e-05 0 1.05879e-22 0 0 
0 0 2.73629e-05 -6.61744e-23 0 0 
0 1.05879e-22 3.97047e-23 1.10457e-07 1.87307e-09 -1.10347e-08 
-1.05879e-22 0 0 1.87307e-09 6.22284e-08 3.52864e-08 
-3.97047e-23 0 0 -1.10347e-08 3.52864e-08 5.37795e-08 
0.0645314 -0.365793 -0.0451669 
-0.00058846 0.000241937 0.000182946 
2.73629e-05 0 0 0 5.29396e-23 0 
0 2.73629e-05 0 -2.64698e-23 0 1.32349e-23 
0 0 2.73629e-05 0 0 0 
0 -7.94093e-23 -5.29396e-23 8.55958e-08 -1.51389e-08 -9.35151e-09 
7.94093e-23 0 2.64698e-23 -1.51389e-08 5.11045e-08 8.99325e-09 
5.29396e-23 -2.64698e-23 0 -9.35151e-09 8.99325e-09 5.27541e-08 
0.0316286 0.0356575 -0.00431332 
-0.000187994 -9.24697e-05 7.10634e-05 
2.73629e-05 0 0 0 1.98523e-23 0 
0 2.73629e-05 0 -1.32349e-23 0 -5.29396e-23 
0 0 2.73629e-05 -1.32349e-23 4.1359e-23 0 
0 -1.32349e-23 -1.32349e-23 9.4206e-08 4.57724e-08 -1.24752e-09 
1.32349e-23 0 -1.32349e-23 4.57724e-08 2.49336e-08 1.0394e-09 
1.32349e-23 1.32349e-23 0 -1.24752e-09 1.0394e-09 1.15244e-07 
0.111982 0.604711 0.0431672 
-0.00103593 0.000416177 0.000598486 
2.73629e-05 0 0 0 -5.29396e-23 0 
0 2.73629e-05 0 5.29396e-23 0 5.29396e-23 
0 0 2.73629e-05 0 -2.64698e-23 0 
0 0 5.29396e-23 1.69412e-07 -5.34512e-08 -2.67984e-08 
0 0 2.64698e-23 -5.34512e-08 8.00752e-08 -4.69736e-09 
-5.29396e-23 -2.64698e-23 0 -2.67984e-08 -4.69736e-09 1.63249e-07 
0.100752 0.524012 0.0594304 
-0.000609821 9.91711e-05 0.000432693 
2.73629e-05 0 0 0 2.64698e-23 5.29396e-23 
0 2.73629e-05 0 -5.29396e-23 0 0 
0 0 2.73629e-05 -1.05879e-22 0 0 
0 0 0 1.78776e-07 -6.7281e-08 -4.20683e-08 
0 0 5.29396e-23 -6.7281e-08 8.53952e-08 -6.40719e-08 
0 -5.29396e-23 0 -4.20683e-08 -6.40719e-08 1.74962e-07 
0.095118 0.54042 0.0460839 
-0.00149737 0.000299429 0.000946823 
2.73629e-05 0 0 0 0 -1.58819e-22 
0 2.73629e-05 0 2.64698e-23 0 0 
0 0 2.73629e-05 2.11758e-22 2.64698e-23 0 
0 -1.32349e-23 0 2.80649e-07 -5.9267e-08 -3.67419e-08 
1.32349e-23 0 2.64698e-23 -5.9267e-08 8.64774e-08 -2.12278e-08 
0 -2.64698e-23 0 -3.67419e-08 -2.12278e-08 2.6434e-07 
0.100545 0.598783 0.0258987 
-0.000605005 0.000245874 0.000260972 
2.73629e-05 0 0 0 5.29396e-23 0 
0 2.73629e-05 0 -5.29396e-23 0 0 
0 0 2.73629e-05 -2.64698e-23 3.30872e-24 0 
0 0 0 1.54168e-07 -6.39754e-08 -1.39806e-08 
0 0 6.61744e-24 -6.39754e-08 4.76713e-08 -1.77996e-08 
0 -6.61744e-24 0 -1.39806e-08 -1.77996e-08 1.70558e-07 
0.107036 0.622012 0.0179414 
-0.000696296 0.000297783 0.00026467 
2.73629e-05 0 0 0 -5.29396e-23 0 
0 2.73629e-05 0 5.29396e-23 0 0 
0 0 2.73629e-05 0 0 0 
0 5.29396e-23 -1.05879e-22 1.35435e-07 -5.24882e-08 -1.36766e-08 
-5.29396e-23 0 0 -5.24882e-08 5.06224e-08 -1.15582e-08 
1.05879e-22 0 0 -1.36766e-08 -1.15582e-08 1.40104e-07 
0.082456 0.473034 0.0418473 
-0.000386415 3.35599e-06 0.000243001 
2.73629e-05 0 0 0 5.29396e-23 0 
0 2.73629e-05 0 -2.64698e-23 0 0 
0 0 2.73629e-05 0 -1.32349e-23 0 
0 -3.97047e-23 -5.29396e-23 6.02432e-08 7.41005e-09 -1.77029e-08 
3.97047e-23 0 1.32349e-23 7.41005e-09 3.93877e-08 1.22242e-08 
5.29396e-23 -1.32349e-23 0 -1.77029e-08 1.22242e-08 4.29921e-08 
0.0872198 0.45093 0.0486147 
-0.000533236 -2.62121e-05 0.000329717 
2.73629e-05 0 0 0 0 -3.97047e-23 
0 2.73629e-05 0 0 0 -5.29396e-23 
0 0 2.73629e-05 0 5.29396e-23 0 
0 5.29396e-23 -1.05879e-22 9.70326e-08 1.96218e-08 -2.25408e-08 
-5.29396e-23 0 0 1.96218e-08 4.923e-08 2.67485e-08 
1.05879e-22 0 0 -2.25408e-08 2.67485e-08 7.76071e-08 
0.0948171 0.419046 0.04804 
-0.000240272 -0.000154494 7.91295e-05 
2.73629e-05 0 0 0 0 3.30872e-24 
0 2.73629e-05 0 2.64698e-23 0 -2.64698e-23 
0 0 2.73629e-05 0 2.64698e-23 0 
0 2.64698e-23 0 1.08396e-07 -4.94543e-10 -2.93212e-08 
-2.64698e-23 0 0 -4.94543e-10 1.1432e-07 -8.16892e-09 
0 0 0 -2.93212e-08 -8.16892e-09 1.27533e-08 
0.0857268 0.423161 0.0283348 
-0.000312646 -0.000198158 0.000102302 
2.73629e-05 0 0 0 0 -2.64698e-23 
0 2.73629e-05 0 0 0 -1.32349e-23 
0 0 2.73629e-05 1.98523e-23 0 0 
0 0 -1.32349e-23 8.67365e-08 2.7703e-09 -2.39198e-08 
0 0 0 2.7703e-09 8.99988e-08 -3.77638e-09 
1.32349e-23 0 0 -2.39198e-08 -3.77638e-09 1.59032e-08 
0.0732716 0.451767 0.0149953 
-0.000419643 -7.6519e-05 0.000115769 
2.73629e-05 0 0 0 5.29396e-23 3.97047e-23 
0 2.73629e-05 0 -3.97047e-23 0 0 
0 0 2.73629e-05 -5.29396e-23 0 0 
0 -5.29396e-23 -5.29396e-23 6.97412e-08 5.61637e-09 -3.69582e-09 
5.29396e-23 0 0 5.61637e-09 2.32067e-08 -1.175e-08 
5.29396e-23 0 0 -3.69582e-09 -1.175e-08 5.0622e-08 
0.0817539 0.440261 0.0330441 
-0.000890853 -0.000198983 0.000324494 
2.73629e-05 0 0 0 0 -3.30872e-23 
0 2.73629e-05 0 5.29396e-23 0 5.29396e-23 
0 0 2.73629e-05 0 -5.29396e-23 0 
0 -5.29396e-23 0 1.30087e-07 1.97559e-08 -2.7269e-08 
5.29396e-23 0 0 1.97559e-08 8.01297e-08 1.48058e-08 
0 0 0 -2.7269e-08 1.48058e-08 7.86482e-08 
0.0710655 0.473324 0.0138057 
-0.000423938 1.85019e-06 9.54958e-05 
2.73629e-05 0 0 0 0 0 
0 2.73629e-05 0 1.32349e-23 0 0 
0 0 2.73629e-05 0 0 0 
0 0 0 6.34402e-08 8.75647e-10 -5.16058e-09 
0 0 0 8.75647e-10 2.41587e-08 4.6708e-09 
0 0 0 -5.16058e-09 4.6708e-09 4.15988e-08 
0.0806809 0.519248 0.0257598 
-0.00117095 0.000209833 0.000418103 
2.73629e-05 0 0 0 -2.64698e-23 0 
0 2.73629e-05 0 0 0 0 
0 0 2.73629e-05 0 0 0 
0 0 0 2.911e-07 -5.60333e-08 -1.48466e-08 
0 0 0 -5.60333e-08 4.42132e-08 -2.5323e-08 
0 0 0 -1.48466e-08 -2.5323e-08 2.77571e-07 
0.074784 0.483923 0.0250871 
-0.00037074 3.70867e-05 0.000129861 
2.73629e-05 0 0 0 0 -1.98523e-23 
0 2.73629e-05 0 -5.29396e-23 0 0 
0 0 2.73629e-05 0 0 0 
0 5.29396e-23 0 5.57409e-08 3.62571e-10 -8.7776e-09 
-5.29396e-23 0 0 3.62571e-10 3.06846e-08 9.05862e-09 
0 0 0 -8.7776e-09 9.05862e-09 3.1133e-08 
0.11855 0.296515 0.0390985 
-0.000739602 0.000457508 -8.15901e-05 
2.73629e-05 0 0 0 -5.29396e-23 0 
0 2.73629e-05 0 5.29396e-23 0 0 
0 0 2.73629e-05 0 2.64698e-23 0 
0 -5.29396e-23 0 1.06397e-07 -3.45643e-08 1.06775e-08 
5.29396e-23 0 5.29396e-23 -3.45643e-08 7.45057e-08 7.99718e-09 
0 -5.29396e-23 0 1.06775e-08 7.99718e-09 7.7009e-08 
0.0567305 0.223475 0.0139401 
-0.000194147 0.000119983 9.14898e-05 
2.73629e-05 0 0 0 2.64698e-23 0 
0 2.73629e-05 0 -2.64698e-23 0 0 
0 0 2.73629e-05 0 0 0 
0 0 -5.29396e-23 3.17359e-08 -3.75839e-09 -6.81251e-09 
0 0 -2.64698e-23 -3.75839e-09 2.70703e-08 5.39922e-09 
5.29396e-23 2.64698e-23 0 -6.81251e-09 5.39922e-09 1.57316e-08 
0.0714234 0.238504 0.0182478 
-0.000452056 0.000412779 0.000253866 
2.73629e-05 0 0 0 1.32349e-23 0 
0 2.73629e-05 0 0 0 0 
0 0 2.73629e-05 5.29396e-23 0 0 
0 0 5.29396e-23 6.76349e-08 -4.18831e-08 -2.14958e-08 
0 0 1.05879e-22 -4.18831e-08 7.66135e-08 -7.36764e-09 
-5.29396e-23 -1.05879e-22 0 -2.14958e-08 -7.36764e-09 9.16529e-08 
0.0823448 0.254433 0.00241742 
-0.000763674 0.000887916 0.000216164 
2.73629e-05 0 0 0 0 -2.64698e-23 
0 2.73629e-05 0 -5.29396e-23 0 2.31611e-23 
0 0 2.73629e-05 0 0 0 
0 0 0 1.13772e-07 -5.43767e-08 4.77035e-10 
0 0 0 -5.43767e-08 1.26249e-07 1.57869e-08 
0 0 0 4.77035e-10 1.57869e-08 1.137e-07 
0.106002 0.281558 0.000911642 
-0.000609022 0.000404187 9.40285e-05 
2.73629e-05 0 0 0 -1.05879e-22 0 
0 2.73629e-05 0 7.94093e-23 0 -3.97047e-23 
0 0 2.73629e-05 0 5.29396e-23 0 
0 5.29396e-23 0 1.06954e-07 -1.41032e-08 -8.33147e-09 
-5.29396e-23 0 0 -1.41032e-08 9.47196e-08 7.00485e-09 
0 0 0 -8.33147e-09 7.00485e-09 3.35262e-08 
0.0991235 0.268886 0.0120418 
-0.000402398 0.000281097 6.1105e-05 
2.73629e-05 0 0 0 5.29396e-23 0 
0 2.73629e-05 0 0 0 0 
0 0 2.73629e-05 0 0 0 
0 0 2.64698e-23 1.03016e-07 -5.41692e-09 -9.67683e-09 
0 0 0 -5.41692e-09 9.90924e-08 6.54609e-09 
-2.64698e-23 0 0 -9.67683e-09 6.54609e-09 1.44309e-08 
0.118773 0.29953 0.00236144 
-0.000466049 0.000344729 9.19987e-05 
2.73629e-05 0 0 0 0 0 
0 2.73629e-05 0 2.64698e-23 0 0 
0 0 2.73629e-05 0 0 0 
0 -6.61744e-23 5.29396e-23 1.52127e-07 -4.44271e-08 3.60487e-08 
6.61744e-23 0 0 -4.44271e-08 9.95482e-08 6.84312e-08 
-5.29396e-23 0 0 3.60487e-08 6.84312e-08 1.04071e-07 
0.12485 0.306356 0.0131185 
-0.000812711 0.000526092 7.77934e-05 
2.73629e-05 0 0 0 0 0 
0 2.73629e-05 0 0 0 0 
0 0 2.73629e-05 -1.32349e-23 1.32349e-23 0 
0 1.05879e-22 -2.64698e-23 1.65551e-07 -5.23341e-08 3.0845e-08 
-1.05879e-22 0 -3.97047e-23 -5.23341e-08 1.06922e-07 5.88872e-08 
2.64698e-23 3.97047e-23 0 3.0845e-08 5.88872e-08 1.20479e-07 
0.0363274 0.19801 0.00167471 
-0.000309681 0.000198006 0.000104711 
2.73629e-05 0 0 0 0 -5.29396e-23 
0 2.73629e-05 0 0 0 0 
0 0 2.73629e-05 2.64698e-23 0 0 
0 0 0 5.09791e-08 -2.52689e-08 -1.10388e-08 
0 0 5.29396e-23 -2.52689e-08 3.59783e-08 -8.75612e-09 
0 -5.29396e-23 0 -1.10388e-08 -8.75612e-09 5.4779e-08 
0.0465956 0.215254 0.00128752 
-0.000288724 0.000163172 0.000111315 
2.73629e-05 0 0 0 0 0 
0 2.73629e-05 0 0 0 -1.32349e-23 
0 0 2.73629e-05 5.29396e-23 0 0 
0 5.29396e-23 5.29396e-23 4.91247e-08 -2.27362e-08 -1.2073e-08 
-5.29396e-23 0 0 -2.27362e-08 3.35186e-08 -1.04375e-08 
-5.29396e-23 0 0 -1.2073e-08 -1.04375e-08 5.0614e-08 
0.0523187 0.216615 0.0278782 
-0.000172841 0.000259999 -2.06389e-05 
2.73629e-05 0 0 0 -2.64698e-23 0 
0 2.73629e-05 0 0 0 2.64698e-23 
0 0 2.73629e-05 0 -1.32349e-23 0 
0 0 0 3.42732e-08 -8.44082e-09 6.97761e-09 
0 0 3.97047e-23 -8.44082e-09 4.23788e-08 2.34856e-09 
0 -3.97047e-23 0 6.97761e-09 2.34856e-09 1.89553e-08 
0.043173 0.206881 0.0287552 
-0.000270944 0.000150366 -5.26484e-05 
2.73629e-05 0 0 0 0 0 
0 2.73629e-05 0 0 0 0 
0 0 2.73629e-05 2.64698e-23 0 0 
0 0 0 4.24249e-08 -8.19118e-09 7.9265e-09 
0 0 1.32349e-23 -8.19118e-09 3.51848e-08 4.09424e-09 
0 -1.32349e-23 0 7.9265e-09 4.09424e-09 1.94122e-08 
0.0554089 0.218471 0.0450814 
-0.00019309 0.00034501 2.10882e-05 
2.73629e-05 0 0 0 0 1.32349e-23 
0 2.73629e-05 0 -5.29396e-23 0 -6.61744e-24 
0 0 2.73629e-05 0 0 0 
0 -2.64698e-23 2.64698e-23 4.61757e-08 -8.40241e-09 2.49667e-09 
2.64698e-23 0 0 -8.40241e-09 5.59744e-08 3.91765e-09 
-2.64698e-23 0 0 2.49667e-09 3.91765e-09 1.96826e-08 
0.038728 0.198306 0.051208 
-0.000456178 0.000163152 2.84349e-05 
2.73629e-05 0 0 0 1.05879e-22 5.29396e-23 
0 2.73629e-05 0 -1.05879e-22 0 1.32349e-23 
0 0 2.73629e-05 -2.64698e-23 -1.32349e-23 0 
0 -1.05879e-22 0 9.92975e-08 -5.1124e-09 2.04205e-09 
1.05879e-22 0 0 -5.1124e-09 8.32326e-08 1.99193e-08 
0 0 0 2.04205e-09 1.99193e-08 1.94672e-08 
0.0298219 0.183207 0.0465536 
-0.000712929 0.000494114 7.63726e-05 
2.73629e-05 0 0 0 -2.11758e-22 0 
0 2.73629e-05 0 2.11758e-22 0 -5.29396e-23 
0 0 2.73629e-05 -2.64698e-23 3.47416e-23 0 
0 2.11758e-22 2.64698e-23 1.30859e-07 -2.0943e-08 -2.27112e-08 
-2.11758e-22 0 -1.98523e-23 -2.0943e-08 1.20188e-07 -1.68115e-08 
-2.64698e-23 1.98523e-23 0 -2.27112e-08 -1.68115e-08 4.4567e-08 
0.0259809 0.180592 0.0207539 
-0.000389789 0.000271401 1.02245e-05 
2.73629e-05 0 0 0 1.32349e-23 0 
0 2.73629e-05 0 0 0 0 
0 0 2.73629e-05 0 0 0 
0 5.29396e-23 -2.64698e-23 5.57266e-08 -1.75746e-08 -1.61898e-09 
-5.29396e-23 0 2.64698e-23 -1.75746e-08 4.28093e-08 -1.17504e-09 
2.64698e-23 -2.64698e-23 0 -1.61898e-09 -1.17504e-09 3.74758e-08 
0.0373166 0.196497 0.0152042 
-0.000394352 0.000291576 1.50748e-06 
2.73629e-05 0 0 0 0 5.29396e-23 
0 2.73629e-05 0 0 0 0 
0 0 2.73629e-05 -5.29396e-23 0 0 
0 0 0 5.93513e-08 -2.58424e-08 -6.15912e-09 
0 0 -5.29396e-23 -2.58424e-08 4.35731e-08 -8.20374e-09 
0 5.29396e-23 0 -6.15912e-09 -8.20374e-09 5.40399e-08 
0.00915886 0.141697 0.0428889 
-0.000888306 0.000210972 -8.28259e-05 
2.73629e-05 0 0 0 0 5.29396e-23 
0 2.73629e-05 0 1.98523e-23 0 5.29396e-23 
0 0 2.73629e-05 -1.05879e-22 -5.29396e-23 0 
0 1.98523e-23 0 1.32657e-07 -1.56944e-08 1.136e-08 
-1.98523e-23 0 -2.64698e-23 -1.56944e-08 7.87418e-08 1.87976e-08 
0 2.64698e-23 0 1.136e-08 1.87976e-08 6.34889e-08 
0.0122974 0.147254 0.0252558 
-0.000220166 5.25668e-05 -3.14096e-05 
2.73629e-05 0 0 0 0 -5.29396e-23 
0 2.73629e-05 0 0 0 -2.31611e-23 
0 0 2.73629e-05 5.29396e-23 2.64698e-23 0 
0 -2.64698e-23 -5.29396e-23 5.88018e-08 -1.30777e-08 8.44732e-10 
2.64698e-23 0 2.64698e-23 -1.30777e-08 7.76937e-09 8.33379e-10 
5.29396e-23 -2.64698e-23 0 8.44732e-10 8.33379e-10 5.75183e-08 
0.0187399 0.16396 0.00749345 
-0.000169449 7.41277e-05 1.86078e-05 
2.73629e-05 0 0 0 6.61744e-24 0 
0 2.73629e-05 0 0 0 0 
0 0 2.73629e-05 0 0 0 
0 -2.64698e-23 -5.29396e-23 3.91283e-08 -1.10117e-08 4.35746e-09 
2.64698e-23 0 0 -1.10117e-08 1.51157e-08 1.2666e-08 
5.29396e-23 0 0 4.35746e-09 1.2666e-08 3.269e-08 
0.0186054 0.165828 0.0167128 
-0.000287054 7.93305e-05 -5.63546e-05 
2.73629e-05 0 0 0 0 0 
0 2.73629e-05 0 0 0 2.31611e-23 
0 0 2.73629e-05 0 -2.64698e-23 0 
0 0 2.64698e-23 4.95722e-08 -1.02901e-08 8.16882e-09 
0 0 0 -1.02901e-08 2.66029e-08 1.38198e-08 
-2.64698e-23 0 0 8.16882e-09 1.38198e-08 3.18643e-08 
0.00298627 0.120552 0.0567764 
-0.000666509 0.000149006 -6.0153e-05 
2.73629e-05 0 0 0 1.05879e-22 0 
0 2.73629e-05 0 -5.66619e-23 0 0 
0 0 2.73629e-05 0 0 0 
0 4.92172e-23 -5.29396e-23 1.06717e-07 -7.99484e-09 9.23327e-09 
-4.92172e-23 0 -1.32349e-23 -7.99484e-09 7.797e-08 1.08826e-08 
5.29396e-23 1.32349e-23 0 9.23327e-09 1.08826e-08 3.39887e-08 
0.00064959 0.102041 0.0496466 
-0.000753508 9.42404e-05 -0.000105977 
2.73629e-05 0 0 0 0 -5.29396e-23 
0 2.73629e-05 0 0 0 2.64698e-23 
0 0 2.73629e-05 0 -2.64698e-23 0 
0 -1.05879e-22 0 1.22292e-07 -1.23552e-08 1.15379e-08 
1.05879e-22 0 0 -1.23552e-08 5.93575e-08 2.90648e-08 
0 0 0 1.15379e-08 2.90648e-08 6.92703e-08 
-0.00634196 0.0863928 0.0657035 
-0.000331823 0.000129547 -0.000148505 
2.73629e-05 0 0 0 1.32349e-23 0 
0 2.73629e-05 0 0 0 0 
0 0 2.73629e-05 0 -1.19941e-23 0 
0 5.29396e-23 5.29396e-23 4.94923e-08 -6.49705e-09 7.95955e-09 
-5.29396e-23 0 -1.19941e-23 -6.49705e-09 3.03941e-08 -7.46305e-09 
-5.29396e-23 1.19941e-23 0 7.95955e-09 -7.46305e-09 3.12956e-08 
0.00507847 0.0979829 0.0306778 
-0.000695674 1.35758e-05 -0.000255449 
2.73629e-05 0 0 0 7.94093e-23 5.29396e-23 
0 2.73629e-05 0 -1.05879e-22 0 -1.32349e-23 
0 0 2.73629e-05 -5.29396e-23 0 0 
0 0 2.64698e-23 1.10821e-07 -8.58653e-09 1.50455e-08 
0 0 2.64698e-23 -8.58653e-09 4.56237e-08 1.96166e-08 
-2.64698e-23 -2.64698e-23 0 1.50455e-08 1.96166e-08 7.65818e-08 
0.0137013 0.0806157 0.00989672 
-0.000205563 -4.98476e-05 -9.85222e-06 
2.73629e-05 0 0 0 -1.32349e-23 0 
0 2.73629e-05 0 2.64698e-23 0 2.64698e-23 
0 0 2.73629e-05 2.64698e-23 -1.98523e-23 0 
0 0 0 8.42335e-08 1.92929e-08 -1.57127e-09 
0 0 6.61744e-24 1.92929e-08 7.8676e-09 7.12486e-09 
0 -6.61744e-24 0 -1.57127e-09 7.12486e-09 8.55721e-08 
0.00897221 0.105052 0.0154568 
-0.000231793 -3.44803e-05 8.48201e-06 
2.73629e-05 0 0 0 0 -2.64698e-23 
0 2.73629e-05 0 0 0 0 
0 0 2.73629e-05 0 0 0 
0 5.29396e-23 0 5.63893e-08 4.95385e-09 2.38959e-09 
-5.29396e-23 0 0 4.95385e-09 1.86931e-08 -2.05026e-08 
0 0 0 2.38959e-09 -2.05026e-08 3.89951e-08 
0.00999029 0.125027 0.0168743 
-0.000436433 7.73267e-05 -0.000132326 
2.73629e-05 0 0 0 0 0 
0 2.73629e-05 0 0 0 1.32349e-23 
0 0 2.73629e-05 0 -6.61744e-24 0 
0 0 1.05879e-22 9.81038e-08 -7.53201e-09 1.58092e-09 
0 0 -1.32349e-23 -7.53201e-09 1.98522e-08 -2.19456e-08 
-1.05879e-22 1.32349e-23 0 1.58092e-09 -2.19456e-08 8.18793e-08 
-0.0302152 -0.0311086 0.081704 
-0.000597232 -0.000299353 0.000277073 
2.73629e-05 0 0 0 1.05879e-22 8.27181e-24 
0 2.73629e-05 0 -5.29396e-23 0 -5.29396e-23 
0 0 2.73629e-05 0 2.64698e-23 0 
0 5.29396e-23 0 1.04354e-07 6.81524e-09 -1.67837e-08 
-5.29396e-23 0 -2.64698e-23 6.81524e-09 7.67762e-08 -2.72084e-08 
0 2.64698e-23 0 -1.67837e-08 -2.72084e-08 4.99827e-08 
-0.0172554 -0.0448695 0.0894404 
-0.000610457 -0.000459747 0.000395775 
2.73629e-05 0 0 0 -2.64698e-23 1.05879e-22 
0 2.73629e-05 0 0 0 0 
0 0 2.73629e-05 -1.05879e-22 -6.61744e-24 0 
0 -1.05879e-22 -5.29396e-23 1.08876e-07 1.98818e-08 -1.03793e-08 
1.05879e-22 0 5.29396e-23 1.98818e-08 7.58881e-08 -3.28641e-08 
5.29396e-23 -5.29396e-23 0 -1.03793e-08 -3.28641e-08 7.63931e-08 
-0.0334353 -0.0416356 0.0617032 
-0.000286731 -0.000140032 9.65085e-05 
2.73629e-05 0 0 0 0 -5.29396e-23 
0 2.73629e-05 0 0 0 0 
0 0 2.73629e-05 4.96308e-23 0 0 
0 -5.29396e-23 -6.61744e-24 5.83161e-08 1.45304e-08 2.54865e-09 
5.29396e-23 0 0 1.45304e-08 2.31655e-08 -1.68845e-08 
6.61744e-24 0 0 2.54865e-09 -1.68845e-08 4.76275e-08 
0.120502 -0.0799523 0.0345831 
-0.000266416 -0.000165726 0.000157811 
2.73629e-05 0 0 0 -2.64698e-23 0 
0 2.73629e-05 0 5.29396e-23 0 -1.32349e-23 
0 0 2.73629e-05 0 1.32349e-23 0 
0 0 0 5.21973e-08 4.4338e-09 -5.52817e-09 
0 0 -2.64698e-23 4.4338e-09 3.41075e-08 -1.78472e-08 
0 2.64698e-23 0 -5.52817e-09 -1.78472e-08 3.01552e-08 
0.116807 -0.0939811 0.0159174 
-0.000283104 -0.000147048 0.000186029 
2.73629e-05 0 0 0 0 2.64698e-23 
0 2.73629e-05 0 -2.64698e-23 0 0 
0 0 2.73629e-05 -2.64698e-23 -2.64698e-23 0 
0 2.64698e-23 2.64698e-23 6.81384e-08 -5.32409e-09 -2.19124e-08 
-2.64698e-23 0 0 -5.32409e-09 6.23009e-08 -2.19123e-08 
-2.64698e-23 0 0 -2.19124e-08 -2.19123e-08 2.91044e-08 
0.120301 -0.104248 0.020503 
-0.000433759 6.59415e-05 0.000178466 
2.73629e-05 0 0 0 -3.72231e-23 0 
0 2.73629e-05 0 0 0 -6.61744e-24 
0 0 2.73629e-05 0 0 0 
0 -1.05879e-22 -2.64698e-23 8.0249e-08 -4.93941e-09 -2.77097e-08 
1.05879e-22 0 0 -4.93941e-09 7.71466e-08 -6.3689e-09 
2.64698e-23 0 0 -2.77097e-08 -6.3689e-09 2.7406e-08 
0.114464 -0.115384 0.0103954 
-0.000336498 5.028e-05 0.00013829 
2.73629e-05 0 0 0 5.29396e-23 0 
0 2.73629e-05 0 0 0 0 
0 0 2.73629e-05 0 0 0 
0 1.05879e-22 1.32349e-23 6.34297e-08 -6.27392e-10 -2.1158e-08 
-1.05879e-22 0 0 -6.27392e-10 6.11769e-08 2.48796e-09 
-1.32349e-23 0 0 -2.1158e-08 2.48796e-09 1.98306e-08 
0.105983 -0.120319 -0.0132625 
-0.000401335 3.12009e-05 0.000109205 
2.73629e-05 0 0 0 0 -1.98523e-23 
0 2.73629e-05 0 2.64698e-23 0 0 
0 0 2.73629e-05 0 3.30872e-24 0 
0 0 0 7.42e-08 -4.93751e-09 -1.64843e-08 
0 0 0 -4.93751e-09 6.16847e-08 -1.31787e-08 
0 0 0 -1.64843e-08 -1.31787e-08 2.22539e-08 
0.100756 -0.0968741 -0.0277261 
-0.00066402 -0.000176088 0.000172596 
2.73629e-05 0 0 0 0 -1.32349e-23 
0 2.73629e-05 0 -1.32349e-23 0 2.64698e-23 
0 0 2.73629e-05 0 -2.64698e-23 0 
0 7.94093e-23 0 1.4356e-07 2.80513e-09 -3.04795e-08 
-7.94093e-23 0 -2.64698e-23 2.80513e-09 1.33946e-07 -7.85803e-09 
0 2.64698e-23 0 -3.04795e-08 -7.85803e-09 2.69465e-08 
0.0919573 -0.070338 -0.0175769 
-0.000234191 -0.000151953 3.3679e-05 
2.73629e-05 0 0 0 -2.64698e-23 0 
0 2.73629e-05 0 0 0 -2.64698e-23 
0 0 2.73629e-05 1.32349e-23 1.98523e-23 0 
0 1.05879e-22 1.98523e-23 3.41671e-08 1.06813e-08 -4.9695e-09 
-1.05879e-22 0 1.98523e-23 1.06813e-08 2.61392e-08 3.55996e-09 
-1.98523e-23 -1.98523e-23 0 -4.9695e-09 3.55996e-09 2.33181e-08 
0.101739 -0.072255 0.0118986 
-0.000214683 -0.000203825 4.49379e-05 
2.73629e-05 0 0 0 3.97047e-23 0 
0 2.73629e-05 0 -5.29396e-23 0 -2.64698e-23 
0 0 2.73629e-05 0 2.64698e-23 0 
0 0 0 5.21281e-08 1.6201e-08 -2.41357e-08 
0 0 2.64698e-23 1.6201e-08 5.92174e-08 1.68706e-08 
0 -2.64698e-23 0 -2.41357e-08 1.68706e-08 3.37782e-08 
0.100949 -0.076254 -0.00047997 
-0.000339821 -0.00023819 0.000133227 
2.73629e-05 0 0 0 -1.05879e-22 7.65142e-24 
0 2.73629e-05 0 5.29396e-23 0 2.64698e-23 
0 0 2.73629e-05 0 0 0 
0 0 -5.29396e-23 5.63059e-08 1.64002e-08 -2.21583e-08 
0 0 0 1.64002e-08 5.8717e-08 1.00594e-08 
5.29396e-23 0 0 -2.21583e-08 1.00594e-08 3.79539e-08 
0.107915 -0.0910354 0.000320403 
-0.000383007 -8.71466e-05 0.000149493 
2.73629e-05 0 0 0 5.29396e-23 0 
0 2.73629e-05 0 -5.29396e-23 0 -1.32349e-23 
0 0 2.73629e-05 7.65142e-24 2.64698e-23 0 
0 0 -4.50813e-23 5.91594e-08 1.53793e-09 -1.20966e-08 
0 0 2.64698e-23 1.53793e-09 4.14932e-08 -9.31458e-09 
4.50813e-23 -2.64698e-23 0 -1.20966e-08 -9.31458e-09 2.78089e-08 
0.117207 -0.131424 0.0326198 
-0.000768102 0.000293759 0.000246376 
2.73629e-05 0 0 0 -5.29396e-23 0 
0 2.73629e-05 0 5.29396e-23 0 1.32349e-23 
0 0 2.73629e-05 -2.64698e-23 0 0 
0 0 0 1.5482e-07 -4.91784e-09 -1.29714e-08 
0 0 0 -4.91784e-09 1.0608e-07 4.99855e-08 
0 0 0 -1.29714e-08 4.99855e-08 6.08232e-08 
0.111701 -0.155275 0.0409337 
-0.00090453 0.000264831 0.000248364 
2.73629e-05 0 0 0 2.64698e-23 0 
0 2.73629e-05 0 0 0 0 
0 0 2.73629e-05 0 1.32349e-23 0 
0 1.05879e-22 0 2.39195e-07 -4.85131e-09 -5.8501e-09 
-1.05879e-22 0 0 -4.85131e-09 1.31445e-07 1.00453e-07 
0 0 0 -5.8501e-09 1.00453e-07 1.13803e-07 
0.106916 -0.154988 0.0228065 
-0.000702924 0.000196889 0.000183253 
2.73629e-05 0 0 0 0 0 
0 2.73629e-05 0 0 0 0 
0 0 2.73629e-05 0 0 0 
0 -1.05879e-22 0 2.28641e-07 -4.25944e-09 -1.92422e-09 
1.05879e-22 0 0 -4.25944e-09 1.19484e-07 1.02762e-07 
0 0 0 -1.92422e-09 1.02762e-07 1.12547e-07 
0.0941826 -0.177824 -0.00965665 
-0.000957104 0.000184895 0.000246272 
2.73629e-05 0 0 0 6.61744e-23 0 
0 2.73629e-05 0 -1.05879e-22 0 0 
0 0 2.73629e-05 0 0 0 
0 -1.05879e-22 5.29396e-23 1.38441e-07 -1.67087e-08 -1.54396e-08 
1.05879e-22 0 -2.64698e-23 -1.67087e-08 6.43011e-08 -3.86752e-09 
-5.29396e-23 2.64698e-23 0 -1.54396e-08 -3.86752e-09 8.85412e-08 
0.096724 -0.152383 -0.0217729 
-0.000957054 0.000230021 0.000223433 
2.73629e-05 0 0 0 0 -5.29396e-23 
0 2.73629e-05 0 1.32349e-23 0 -6.61744e-24 
0 0 2.73629e-05 1.05879e-22 0 0 
0 -9.26442e-23 -1.05879e-22 1.37455e-07 -1.34637e-08 -1.49243e-08 
9.26442e-23 0 0 -1.34637e-08 7.96558e-08 8.75117e-09 
1.05879e-22 0 0 -1.49243e-08 8.75117e-09 7.1239e-08 
0.103941 -0.136073 -0.00916538 
-0.000589559 0.000164893 0.000151045 
2.73629e-05 0 0 0 0 0 
0 2.73629e-05 0 1.32349e-23 0 1.98523e-23 
0 0 2.73629e-05 0 -1.32349e-23 0 
0 1.19114e-22 5.29396e-23 1.03931e-07 -2.88736e-09 -1.29554e-08 
-1.19114e-22 0 0 -2.88736e-09 7.80973e-08 2.14376e-08 
-5.29396e-23 0 0 -1.29554e-08 2.14376e-08 3.40875e-08 
0.0888091 -0.25773 0.0175494 
-0.000704287 7.2835e-06 0.00015948 
2.73629e-05 0 0 0 0 5.29396e-23 
0 2.73629e-05 0 0 0 2.64698e-23 
0 0 2.73629e-05 0 -1.32349e-23 0 
0 -1.05879e-22 1.05879e-22 1.16793e-07 6.08072e-09 -1.45389e-08 
1.05879e-22 0 0 6.08072e-09 6.8769e-08 2.91942e-08 
-1.05879e-22 0 0 -1.45389e-08 2.91942e-08 5.44831e-08 
0.0910702 -0.276443 0.0350966 
-0.000481043 6.00209e-05 6.50289e-05 
2.73629e-05 0 0 0 1.32349e-23 0 
0 2.73629e-05 0 0 0 -6.61744e-24 
0 0 2.73629e-05 0 1.32349e-23 0 
0 0 0 6.92233e-08 -3.98254e-09 -3.75653e-09 
0 0 0 -3.98254e-09 3.31709e-08 4.743e-09 
0 0 0 -3.75653e-09 4.743e-09 3.80619e-08 
0.0936271 -0.274193 0.0504514 
-0.00033838 4.41805e-05 5.61561e-05 
2.73629e-05 0 0 0 -3.97047e-23 0 
0 2.73629e-05 0 2.64698e-23 0 0 
0 0 2.73629e-05 5.29396e-23 0 0 
0 0 -5.29396e-23 5.34183e-08 -4.39691e-09 -2.15687e-09 
0 0 0 -4.39691e-09 1.65077e-08 3.27805e-09 
5.29396e-23 0 0 -2.15687e-09 3.27805e-09 3.87747e-08 
0.0884304 -0.289085 0.0161042 
-0.000538119 -2.11468e-06 3.80827e-05 
2.73629e-05 0 0 0 1.05879e-22 -1.32349e-23 
0 2.73629e-05 0 -5.29396e-23 0 0 
0 0 2.73629e-05 0 0 0 
0 -5.29396e-23 0 1.36356e-07 -4.61843e-10 -8.7578e-09 
5.29396e-23 0 0 -4.61843e-10 1.24768e-07 -7.20374e-09 
0 0 0 -8.7578e-09 -7.20374e-09 1.28239e-08 
0.0985421 -0.293543 0.0674685 
-0.00018924 4.03736e-06 0.000120295 
2.73629e-05 0 0 0 0 0 
0 2.73629e-05 0 0 0 0 
0 0 2.73629e-05 0 0 0 
0 0 -1.05879e-22 1.04594e-07 1.76525e-09 -1.23009e-09 
0 0 6.61744e-24 1.76525e-09 2.88796e-09 6.21542e-09 
1.05879e-22 -6.61744e-24 0 -1.23009e-09 6.21542e-09 1.03194e-07 
0.0950078 -0.312505 0.0606797 
-0.000530764 1.35464e-06 0.000239482 
2.73629e-05 0 0 0 0 -5.29396e-23 
0 2.73629e-05 0 1.32349e-23 0 0 
0 0 2.73629e-05 0 6.61744e-24 0 
0 -2.64698e-23 0 1.7572e-07 -7.79814e-09 -4.6517e-09 
2.64698e-23 0 -1.32349e-23 -7.79814e-09 1.23359e-08 -1.63469e-08 
0 1.32349e-23 0 -4.6517e-09 -1.63469e-08 1.67622e-07 
0.0923985 -0.301523 0.0536826 
-0.000399507 1.0539e-05 0.000126095 
2.73629e-05 0 0 0 1.98523e-23 0 
0 2.73629e-05 0 -2.64698e-23 0 4.1359e-25 
0 0 2.73629e-05 0 0 0 
0 0 1.05879e-22 1.63238e-07 -1.08143e-08 -3.12628e-09 
0 0 1.32349e-23 -1.08143e-08 9.39688e-09 -2.12988e-08 
-1.05879e-22 -1.32349e-23 0 -3.12628e-09 -2.12988e-08 1.56385e-07 
0.0901044 -0.323256 0.0361607 
-0.000948978 6.88134e-06 2.88502e-05 
2.73629e-05 0 0 0 -1.05879e-22 -6.61744e-24 
0 2.73629e-05 0 7.27919e-23 0 0 
0 0 2.73629e-05 0 4.1359e-25 0 
0 6.61744e-23 -1.05879e-22 1.4653e-07 -1.41121e-09 -2.0752e-09 
-6.61744e-23 0 8.27181e-25 -1.41121e-09 6.20708e-08 -2.62567e-08 
1.05879e-22 -8.27181e-25 0 -2.0752e-09 -2.62567e-08 8.46055e-08 
0.0886932 -0.308568 0.0139371 
-0.00130674 -3.74864e-05 9.41614e-05 
2.73629e-05 0 0 0 0 0 
0 2.73629e-05 0 -1.05879e-22 0 3.30872e-24 
0 0 2.73629e-05 -1.32349e-23 0 0 
0 0 9.92617e-23 1.96147e-07 9.008e-10 -8.57961e-09 
0 0 0 9.008e-10 1.25958e-07 -1.5698e-08 
-9.92617e-23 0 0 -8.57961e-09 -1.5698e-08 7.14767e-08 
0.0843882 -0.322293 -0.0104168 
-0.000688652 9.64473e-05 0.000225337 
2.73629e-05 0 0 0 0 -6.61744e-24 
0 2.73629e-05 0 5.29396e-23 0 0 
0 0 2.73629e-05 0 6.61744e-24 0 
0 -5.29396e-23 -1.05879e-22 1.04518e-07 -3.62306e-09 -1.17447e-08 
5.29396e-23 0 0 -3.62306e-09 4.68632e-08 1.54664e-08 
1.05879e-22 0 0 -1.17447e-08 1.54664e-08 6.63553e-08 
0.0789682 -0.300544 -0.0345445 
-0.000994131 0.000131035 0.000357734 
2.73629e-05 0 0 0 1.05879e-22 -5.29396e-23 
0 2.73629e-05 0 -1.05879e-22 0 0 
0 0 2.73629e-05 0 -1.32349e-23 0 
0 1.05879e-22 0 1.97812e-07 6.57385e-09 -1.77429e-08 
-1.05879e-22 0 -1.32349e-23 6.57385e-09 7.82932e-08 6.40689e-08 
0 1.32349e-23 0 -1.77429e-08 6.40689e-08 1.30556e-07 
0.0783787 -0.271282 -0.0399797 
-0.00082041 -6.39735e-05 0.000200117 
2.73629e-05 0 0 0 -5.29396e-23 0 
0 2.73629e-05 0 1.05879e-22 0 -1.32349e-23 
0 0 2.73629e-05 0 0 0 
0 0 5.29396e-23 1.42366e-07 1.58438e-08 -1.91694e-08 
0 0 -2.64698e-23 1.58438e-08 7.15736e-08 4.04333e-08 
-5.29396e-23 2.64698e-23 0 -1.91694e-08 4.04333e-08 8.26147e-08 
0.0835358 -0.273548 -0.0136849 
-0.00106035 -0.000138319 0.000151314 
2.73629e-05 0 0 0 5.29396e-23 0 
0 2.73629e-05 0 -5.29396e-23 0 0 
0 0 2.73629e-05 -5.29396e-23 0 0 
0 0 -5.29396e-23 1.84847e-07 1.75778e-08 -2.19302e-08 
0 0 2.64698e-23 1.75778e-08 1.11947e-07 5.15834e-08 
5.29396e-23 -2.64698e-23 0 -2.19302e-08 5.15834e-08 8.37442e-08 
0.0889352 -0.344189 0.0328332 
-0.000339546 5.79299e-05 1.61931e-05 
2.73629e-05 0 0 0 5.29396e-23 -2.64698e-23 
0 2.73629e-05 0 -1.05879e-22 0 0 
0 0 2.73629e-05 1.98523e-23 0 0 
0 -1.05879e-22 0 6.53885e-08 -1.7632e-09 -7.18503e-10 
1.05879e-22 0 0 -1.7632e-09 5.24909e-08 1.03677e-08 
0 0 0 -7.18503e-10 1.03677e-08 1.35678e-08 
0.0939637 -0.349776 0.0640678 
-0.000538481 6.75849e-05 0.000189368 
2.73629e-05 0 0 0 0 -5.29396e-23 
0 2.73629e-05 0 0 0 0 
0 0 2.73629e-05 0 0 0 
0 0 0 1.24398e-07 -6.60185e-09 -3.60819e-09 
0 0 0 -6.60185e-09 1.93103e-08 1.94812e-08 
0 0 0 -3.60819e-09 1.94812e-08 1.09283e-07 
0.0886175 -0.36822 0.058112 
-0.000458813 8.90203e-05 0.000220841 
2.73629e-05 0 0 0 0 -3.30872e-23 
0 2.73629e-05 0 0 0 0 
0 0 2.73629e-05 0 -1.32349e-23 0 
0 0 0 9.17838e-08 -4.15883e-09 -6.02172e-09 
0 0 1.32349e-23 -4.15883e-09 2.43003e-08 2.00557e-08 
0 -1.32349e-23 0 -6.02172e-09 2.00557e-08 7.48943e-08 
0.0866793 -0.359251 0.0462677 
-0.000268788 5.23107e-05 5.24995e-06 
2.73629e-05 0 0 0 0 5.29396e-23 
0 2.73629e-05 0 9.92617e-24 0 0 
0 0 2.73629e-05 0 0 0 
0 9.92617e-24 1.05879e-22 5.96433e-08 -1.01783e-08 3.7567e-10 
-9.92617e-24 0 0 -1.01783e-08 9.05259e-09 2.64077e-09 
-1.05879e-22 0 0 3.7567e-10 2.64077e-09 5.45377e-08 
0.0828711 -0.350722 0.0134443 
-0.000500055 0.00024951 0.000142819 
2.73629e-05 0 0 0 0 0 
0 2.73629e-05 0 0 0 0 
0 0 2.73629e-05 -1.32349e-23 0 0 
0 -1.05879e-22 3.97047e-23 8.32771e-08 -1.04355e-08 -1.88511e-08 
1.05879e-22 0 2.64698e-23 -1.04355e-08 7.38522e-08 -1.56969e-09 
-3.97047e-23 -2.64698e-23 0 -1.88511e-08 -1.56969e-09 3.06067e-08 
0.0742706 -0.346192 -0.0266823 
-0.000366114 0.000103628 3.59671e-05 
2.73629e-05 0 0 0 5.29396e-23 0 
0 2.73629e-05 0 -5.29396e-23 0 1.32349e-23 
0 0 2.73629e-05 0 0 0 
0 0 2.64698e-23 6.89447e-08 -4.12435e-09 3.7286e-10 
0 0 0 -4.12435e-09 4.92505e-08 1.80186e-08 
-2.64698e-23 0 0 3.7286e-10 1.80186e-08 2.19558e-08 
0.0797353 -0.343513 -0.00758208 
-0.000445312 0.000202765 0.000153223 
2.73629e-05 0 0 0 0 0 
0 2.73629e-05 0 0 0 1.32349e-23 
0 0 2.73629e-05 0 0 0 
0 1.05879e-22 -5.29396e-23 6.50492e-08 -1.07964e-08 -1.26119e-08 
-1.05879e-22 0 -2.64698e-23 -1.07964e-08 4.88909e-08 2.25309e-09 
5.29396e-23 2.64698e-23 0 -1.26119e-08 2.25309e-09 3.46692e-08 
0.0753136 -0.433863 0.0324111 
-0.000500816 -3.909e-05 0.000401562 
2.73629e-05 0 0 0 0 0 
0 2.73629e-05 0 0 0 1.32349e-23 
0 0 2.73629e-05 5.29396e-23 0 0 
0 0 0 8.86277e-08 -1.72287e-09 -1.49178e-08 
0 0 0 -1.72287e-09 3.12965e-08 -8.88088e-09 
0 0 0 -1.49178e-08 -8.88088e-09 8.0985e-08 
0.0691221 -0.417089 0.0231779 
-0.000417999 8.926e-06 0.000159771 
2.73629e-05 0 0 0 0 0 
0 2.73629e-05 0 1.32349e-23 0 -1.32349e-23 
0 0 2.73629e-05 0 1.07533e-23 0 
0 -1.32349e-23 0 1.44542e-07 -3.62123e-09 -2.48965e-09 
1.32349e-23 0 -2.48154e-24 -3.62123e-09 7.44427e-09 -1.75724e-09 
0 2.48154e-24 0 -2.48965e-09 -1.75724e-09 1.39156e-07 
0.066276 -0.426548 0.0165977 
-0.000261128 6.08198e-06 0.000112395 
2.73629e-05 0 0 0 -1.32349e-23 0 
0 2.73629e-05 0 2.64698e-23 0 0 
0 0 2.73629e-05 -5.29396e-23 0 0 
0 0 0 1.41386e-07 -2.89161e-09 -1.05127e-09 
0 0 -6.61744e-24 -2.89161e-09 3.00546e-09 7.98146e-10 
0 6.61744e-24 0 -1.05127e-09 7.98146e-10 1.3942e-07 
0.0617983 -0.431561 -0.0126261 
-0.000651226 -4.87411e-06 5.58596e-05 
2.73629e-05 0 0 0 0 0 
0 2.73629e-05 0 3.97047e-23 0 0 
0 0 2.73629e-05 0 0 0 
0 3.97047e-23 0 9.49048e-08 9.53871e-10 -4.73739e-09 
-3.97047e-23 0 0 9.53871e-10 5.49801e-08 7.60073e-09 
0 0 0 -4.73739e-09 7.60073e-09 4.07517e-08 
0.0644994 -0.393238 -0.0105106 
-0.000699698 9.91508e-05 6.37748e-05 
2.73629e-05 0 0 0 9.26442e-23 0 
0 2.73629e-05 0 -1.05879e-22 0 0 
0 0 2.73629e-05 0 0 0 
0 0 -5.29396e-23 1.08364e-07 -5.60546e-09 -7.90544e-09 
0 0 0 -5.60546e-09 7.55676e-08 -8.15649e-09 
5.29396e-23 0 0 -7.90544e-09 -8.15649e-09 3.58258e-08 
0.0640956 -0.412332 0.00198822 
-0.000900681 5.57505e-05 0.000121162 
2.73629e-05 0 0 0 0 0 
0 2.73629e-05 0 2.64698e-23 0 -6.61744e-24 
0 0 2.73629e-05 0 6.61744e-24 0 
0 -6.61744e-23 0 1.29059e-07 -5.17964e-09 -8.63134e-09 
6.61744e-23 0 0 -5.17964e-09 6.23626e-08 -7.1329e-09 
0 0 0 -8.63134e-09 -7.1329e-09 6.966e-08 
0.0974863 -0.544868 0.0169491 
-0.000772726 -0.000284709 0.000566776 
2.73629e-05 0 0 0 -1.05879e-22 1.98523e-23 
0 2.73629e-05 0 6.61744e-23 0 0 
0 0 2.73629e-05 0 0 0 
0 6.61744e-23 1.05879e-22 1.20942e-07 1.61166e-08 -2.45413e-08 
-6.61744e-23 0 5.29396e-23 1.61166e-08 6.6211e-08 -1.75453e-08 
-1.05879e-22 -5.29396e-23 0 -2.45413e-08 -1.75453e-08 1.02608e-07 
0.0869929 -0.52952 0.00930178 
-0.000369087 -0.000103395 0.00022106 
2.73629e-05 0 0 0 0 0 
0 2.73629e-05 0 0 0 0 
0 0 2.73629e-05 0 0 0 
0 -5.29396e-23 0 1.03084e-07 8.37168e-10 -4.8809e-09 
5.29396e-23 0 1.32349e-23 8.37168e-10 2.78113e-08 -3.5286e-08 
0 -1.32349e-23 0 -4.8809e-09 -3.5286e-08 8.15881e-08 
0.0778267 -0.551551 -0.0235792 
-0.000314499 -8.19901e-05 0.000120305 
2.73629e-05 0 0 0 0 0 
0 2.73629e-05 0 2.64698e-23 0 0 
0 0 2.73629e-05 0 2.64698e-23 0 
0 5.29396e-23 5.29396e-23 6.25607e-08 1.42523e-08 -2.00512e-08 
-5.29396e-23 0 2.64698e-23 1.42523e-08 4.96815e-08 2.07211e-08 
-5.29396e-23 -2.64698e-23 0 -2.00512e-08 2.07211e-08 3.56506e-08 
0.0789735 -0.536082 -0.0115451 
-0.000902503 -0.000205586 0.00036535 
2.73629e-05 0 0 0 2.64698e-23 0 
0 2.73629e-05 0 0 0 1.32349e-23 
0 0 2.73629e-05 0 0 0 
0 0 -5.29396e-23 1.32031e-07 7.92527e-09 -2.54868e-08 
0 0 -2.64698e-23 7.92527e-09 8.33258e-08 -1.46513e-08 
5.29396e-23 2.64698e-23 0 -2.54868e-08 -1.46513e-08 7.2951e-08 
0.179182 -0.770185 -0.0668083 
-0.000507653 -0.000371529 0.000155191 
2.73629e-05 0 0 0 0 0 
0 2.73629e-05 0 0 0 -2.64698e-23 
0 0 2.73629e-05 0 1.32349e-23 0 
0 0 -1.05879e-22 1.05791e-07 2.97726e-08 1.317e-08 
0 0 -3.97047e-23 2.97726e-08 6.68008e-08 -3.84788e-08 
1.05879e-22 3.97047e-23 0 1.317e-08 -3.84788e-08 7.4517e-08 
0.140758 0.310179 0.0936099 
-0.000233204 0.000186278 0.000501653 
2.73629e-05 0 0 0 -3.30872e-23 0 
0 2.73629e-05 0 5.29396e-23 0 0 
0 0 2.73629e-05 0 0 0 
0 5.29396e-23 -5.29396e-23 8.18907e-08 2.82215e-08 -2.75134e-08 
-5.29396e-23 0 5.29396e-23 2.82215e-08 6.2087e-08 3.40793e-08 
5.29396e-23 -5.29396e-23 0 -2.75134e-08 3.40793e-08 9.30881e-08 
0.159177 0.320654 0.101888 
-0.000717365 0.00026167 0.00104655 
2.73629e-05 0 0 0 0 -3.97047e-23 
0 2.73629e-05 0 0 0 0 
0 0 2.73629e-05 0 0 0 
0 0 0 1.2166e-07 -8.18103e-09 -4.0888e-08 
0 0 0 -8.18103e-09 9.48512e-08 1.67561e-08 
0 0 0 -4.0888e-08 1.67561e-08 1.52078e-07 
0.144411 0.291239 0.103719 
-0.000126006 0.000200559 0.000352949 
2.73629e-05 0 0 0 0 5.29396e-23 
0 2.73629e-05 0 0 0 0 
0 0 2.73629e-05 0 0 0 
0 0 5.29396e-23 5.73597e-08 2.31976e-08 -2.58853e-08 
0 0 -5.29396e-23 2.31976e-08 6.01267e-08 2.69292e-08 
-5.29396e-23 5.29396e-23 0 -2.58853e-08 2.69292e-08 6.83995e-08 
0.124117 0.276999 0.113123 
2.72899e-05 0.000703702 0.000645955 
2.73629e-05 0 0 0 -1.05879e-22 0 
0 2.73629e-05 0 5.29396e-23 0 -2.64698e-23 
0 0 2.73629e-05 -5.29396e-23 0 0 
0 0 2.64698e-23 9.27108e-08 -6.38215e-10 2.80043e-09 
0 0 0 -6.38215e-10 1.00212e-07 4.61394e-08 
-2.64698e-23 0 0 2.80043e-09 4.61394e-08 9.21578e-08 
0.129166 0.293358 0.0979334 
-7.37343e-05 0.000211648 0.000324419 
2.73629e-05 0 0 0 0 0 
0 2.73629e-05 0 -1.32349e-23 0 0 
0 0 2.73629e-05 2.64698e-23 -2.64698e-23 0 
0 0 0 5.67881e-08 2.50825e-08 -2.42749e-08 
0 0 -5.29396e-23 2.50825e-08 5.82412e-08 2.74615e-08 
0 5.29396e-23 0 -2.42749e-08 2.74615e-08 6.81637e-08 
0.108555 0.274443 0.112321 
-0.000226916 0.00024415 0.000206327 
2.73629e-05 0 0 0 0 0 
0 2.73629e-05 0 0 0 0 
0 0 2.73629e-05 5.29396e-23 0 0 
0 0 -5.29396e-23 9.64736e-08 -8.19919e-09 2.94968e-09 
0 0 0 -8.19919e-09 5.66232e-08 4.54039e-08 
5.29396e-23 0 0 2.94968e-09 4.54039e-08 5.21303e-08 
0.102863 0.256894 0.127055 
-0.000154901 0.000173475 0.000143594 
2.73629e-05 0 0 0 3.97047e-23 0 
0 2.73629e-05 0 -5.29396e-23 0 0 
0 0 2.73629e-05 0 0 0 
0 -5.29396e-23 5.29396e-23 4.26517e-08 -4.42323e-09 -1.70714e-09 
5.29396e-23 0 0 -4.42323e-09 3.02512e-08 1.81058e-08 
-5.29396e-23 0 0 -1.70714e-09 1.81058e-08 2.54728e-08 
0.095376 0.245929 0.117997 
-0.000600455 0.000164137 7.21079e-05 
2.73629e-05 0 0 0 0 0 
0 2.73629e-05 0 0 0 1.32349e-23 
0 0 2.73629e-05 0 -1.32349e-23 0 
0 5.29396e-23 -1.05879e-22 8.7932e-08 -1.51155e-08 -4.74282e-09 
-5.29396e-23 0 -6.61744e-24 -1.51155e-08 3.84469e-08 -2.52554e-09 
1.05879e-22 6.61744e-24 0 -4.74282e-09 -2.52554e-09 5.8888e-08 
0.0935162 0.254949 0.100087 
-0.000591907 0.000144719 0.000207256 
2.73629e-05 0 0 0 0 0 
0 2.73629e-05 0 0 0 0 
0 0 2.73629e-05 0 0 0 
0 0 0 1.03561e-07 -1.24252e-08 -5.24616e-09 
0 0 0 -1.24252e-08 3.22337e-08 1.77242e-08 
0 0 0 -5.24616e-09 1.77242e-08 8.10775e-08 
0.102018 0.27825 0.095663 
-0.000370928 0.000273788 0.00014665 
2.73629e-05 0 0 0 0 0 
0 2.73629e-05 0 0 0 2.64698e-23 
0 0 2.73629e-05 0 -2.64698e-23 0 
0 0 5.29396e-23 5.4867e-08 -1.91934e-08 -4.59969e-09 
0 0 -2.64698e-23 -1.91934e-08 4.10082e-08 7.17124e-09 
-5.29396e-23 2.64698e-23 0 -4.59969e-09 7.17124e-09 4.58299e-08 
0.0946318 0.224965 0.128126 
-0.000634392 -1.51018e-06 0.00017377 
2.73629e-05 0 0 0 -5.29396e-23 0 
0 2.73629e-05 0 1.05879e-22 0 -1.32349e-23 
0 0 2.73629e-05 0 0 0 
0 0 5.29396e-23 9.16811e-08 2.35562e-09 -1.26549e-08 
0 0 0 2.35562e-09 4.96005e-08 8.2039e-09 
-5.29396e-23 0 0 -1.26549e-08 8.2039e-09 4.90245e-08 
0.0900885 0.215022 0.117277 
-0.000241038 8.46708e-05 0.000116627 
2.73629e-05 0 0 0 1.05879e-22 1.32349e-23 
0 2.73629e-05 0 -1.05879e-22 0 2.64698e-23 
0 0 2.73629e-05 0 -2.64698e-23 0 
0 -1.05879e-22 0 6.84849e-08 5.55525e-09 -1.88111e-08 
1.05879e-22 0 0 5.55525e-09 6.17055e-08 2.15942e-08 
0 0 0 -1.88111e-08 2.15942e-08 2.10802e-08 
0.0924376 0.200444 0.124496 
-0.000480411 -5.33856e-05 0.000181308 
2.73629e-05 0 0 0 -5.29396e-23 -5.29396e-23 
0 2.73629e-05 0 5.29396e-23 0 0 
0 0 2.73629e-05 5.29396e-23 0 0 
0 5.29396e-23 -1.05879e-22 7.54807e-08 9.19165e-09 -1.81087e-08 
-5.29396e-23 0 6.61744e-24 9.19165e-09 5.14331e-08 1.49613e-08 
1.05879e-22 -6.61744e-24 0 -1.81087e-08 1.49613e-08 3.97589e-08 
0.0847392 0.191258 0.114867 
-0.000290364 0.000145256 0.000347256 
2.73629e-05 0 0 0 2.64698e-23 -1.32349e-23 
0 2.73629e-05 0 0 0 0 
0 0 2.73629e-05 0 0 0 
0 0 5.29396e-23 6.43423e-08 -2.41665e-10 -1.06908e-08 
0 0 2.64698e-23 -2.41665e-10 3.00241e-08 1.95518e-08 
-5.29396e-23 -2.64698e-23 0 -1.06908e-08 1.95518e-08 6.01309e-08 
0.0606746 0.18039 0.1057 
-9.41617e-05 0.000230153 0.000290443 
2.73629e-05 0 0 0 -4.63221e-23 -1.32349e-23 
0 2.73629e-05 0 5.29396e-23 0 5.29396e-23 
0 0 2.73629e-05 0 -5.29396e-23 0 
0 0 0 3.48644e-08 -1.1818e-09 -5.84839e-09 
0 0 0 -1.1818e-09 3.53542e-08 1.58125e-08 
0 0 0 -5.84839e-09 1.58125e-08 4.13663e-08 
0.071736 0.195233 0.103411 
-0.000280733 0.000156611 0.000405718 
2.73629e-05 0 0 0 0 5.29396e-23 
0 2.73629e-05 0 -2.64698e-23 0 -5.29396e-23 
0 0 2.73629e-05 0 2.64698e-23 0 
0 1.32349e-23 0 5.19599e-08 -1.00855e-08 -1.21595e-08 
-1.32349e-23 0 -2.64698e-23 -1.00855e-08 3.49158e-08 8.55585e-09 
0 2.64698e-23 0 -1.21595e-08 8.55585e-09 6.3443e-08 
0.0971614 0.169406 0.124198 
-0.000268392 -0.000138696 0.000411922 
2.73629e-05 0 0 0 0 0 
0 2.73629e-05 0 -1.32349e-23 0 0 
0 0 2.73629e-05 0 0 0 
0 0 5.29396e-23 5.55022e-08 4.29742e-08 -2.69363e-08 
0 0 5.29396e-23 4.29742e-08 7.64962e-08 1.36717e-08 
-5.29396e-23 -5.29396e-23 0 -2.69363e-08 1.36717e-08 1.06104e-07 
0.099046 0.15474 0.121596 
-0.000278624 -9.38918e-05 0.000502657 
2.73629e-05 0 0 0 0 0 
0 2.73629e-05 0 0 0 -1.05879e-22 
0 0 2.73629e-05 0 5.29396e-23 0 
0 -2.64698e-23 0 6.30946e-08 4.43856e-08 -2.70591e-08 
2.64698e-23 0 -5.29396e-23 4.43856e-08 7.59534e-08 1.50926e-08 
0 5.29396e-23 0 -2.70591e-08 1.50926e-08 1.14689e-07 
0.0638135 0.153557 0.117397 
8.3782e-05 0.000299379 0.000568695 
2.73629e-05 0 0 0 0 2.64698e-23 
0 2.73629e-05 0 3.30872e-24 0 -5.29396e-23 
0 0 2.73629e-05 -2.64698e-23 0 0 
0 3.30872e-24 5.29396e-23 3.25239e-08 4.68977e-08 -5.15004e-09 
-3.30872e-24 0 0 4.68977e-08 1.36238e-07 8.30917e-09 
-5.29396e-23 0 0 -5.15004e-09 8.30917e-09 1.61531e-07 
0.0755624 0.161749 0.114554 
-5.87935e-05 7.0033e-05 0.000598805 
2.73629e-05 0 0 0 -6.61744e-24 -3.97047e-23 
0 2.73629e-05 0 0 0 0 
0 0 2.73629e-05 5.29396e-23 0 0 
0 0 -1.05879e-22 5.45554e-08 4.85989e-08 -1.35721e-08 
0 0 -1.05879e-22 4.85989e-08 8.29419e-08 1.08479e-08 
1.05879e-22 1.05879e-22 0 -1.35721e-08 1.08479e-08 1.32295e-07 
0.0899167 0.115053 0.128073 
0.000138515 0.00025432 0.000910677 
2.73629e-05 0 0 0 0 1.32349e-23 
0 2.73629e-05 0 -1.32349e-23 0 0 
0 0 2.73629e-05 0 -2.64698e-23 0 
0 1.32349e-23 -5.29396e-23 6.01461e-08 -3.02677e-08 2.36045e-08 
-1.32349e-23 0 5.29396e-23 -3.02677e-08 1.08491e-07 1.89221e-08 
5.29396e-23 -5.29396e-23 0 2.36045e-08 1.89221e-08 1.50888e-07 
0.0662749 0.131032 0.125918 
0.0001487 0.000488509 0.00144694 
2.73629e-05 0 0 0 -2.64698e-23 -1.05879e-22 
0 2.73629e-05 0 2.64698e-23 0 5.29396e-23 
0 0 2.73629e-05 0 0 0 
0 -2.64698e-23 0 9.74197e-08 3.51916e-09 1.13963e-08 
2.64698e-23 0 0 3.51916e-09 1.33364e-07 2.88453e-08 
0 0 0 1.13963e-08 2.88453e-08 2.08964e-07 
0.0900074 0.0935773 0.130409 
0.000142092 -6.59917e-05 0.000809702 
2.73629e-05 0 0 0 1.48893e-23 0 
0 2.73629e-05 0 -2.64698e-23 0 -7.94093e-23 
0 0 2.73629e-05 1.32349e-23 1.05879e-22 0 
0 -2.64698e-23 6.61744e-23 3.91369e-08 1.50267e-08 1.87734e-08 
2.64698e-23 0 0 1.50267e-08 1.03745e-07 -5.52151e-09 
-6.61744e-23 0 0 1.87734e-08 -5.52151e-09 1.35392e-07 
0.0741754 0.0765001 0.130871 
