3 7000
-0.38497 -0.1589 0.0978342 
0.000361839 0.000586617 -6.40157e-05 
0.000684073 0 0 0 0 0 
0 0.000684073 0 -8.47033e-22 0 0 
0 0 0.000684073 0 0 0 
0 -8.47033e-22 0 1.73829e-06 1.57413e-06 7.85354e-07 
8.47033e-22 0 -3.38813e-21 1.57413e-06 3.11911e-06 -5.61474e-07 
0 3.38813e-21 0 7.85354e-07 -5.61474e-07 3.44529e-06 
-0.283578 -0.301353 0.0610897 
0.000406089 0.000220938 -9.02192e-05 
0.000684073 0 0 0 8.47033e-22 0 
0 0.000684073 0 -8.47033e-22 0 0 
0 0 0.000684073 9.52912e-22 6.35275e-22 0 
0 -8.47033e-22 8.47033e-22 5.25423e-06 2.03386e-06 7.72161e-07 
8.47033e-22 0 6.35275e-22 2.03386e-06 1.73759e-06 -1.74698e-06 
-8.47033e-22 -6.35275e-22 0 7.72161e-07 -1.74698e-06 5.38665e-06 
0.0604949 -0.388244 -0.0373192 
-0.000594667 9.2505e-05 0.000165276 
0.000684073 0 0 0 -1.05879e-21 -1.69407e-21 
0 0.000684073 0 1.69407e-21 0 -2.11758e-22 
0 0 0.000684073 1.05879e-21 4.23516e-22 0 
0 3.38813e-21 -6.35275e-22 2.76142e-06 4.68268e-08 -2.75867e-07 
-3.38813e-21 0 4.23516e-22 4.68268e-08 1.55571e-06 8.82159e-07 
6.35275e-22 -4.23516e-22 0 -2.75867e-07 8.82159e-07 1.34449e-06 
0.0645314 -0.365793 -0.0451669 
-0.00058846 0.000241937 0.000182946 
0.000684073 0 0 0 0 0 
0 0.000684073 0 0 0 0 
0 0 0.000684073 0 0 0 
0 8.47033e-22 -1.69407e-21 2.13989e-06 -3.78473e-07 -2.33788e-07 
-8.47033e-22 0 0 -3.78473e-07 1.27761e-06 2.24831e-07 
1.69407e-21 0 0 -2.33788e-07 2.24831e-07 1.31885e-06 
0.0316286 0.0356575 -0.00431332 
-0.000187994 -9.24697e-05 7.10634e-05 
0.000684073 0 0 0 2.11758e-22 0 
0 0.000684073 0 -4.23516e-22 0 0 
0 0 0.000684073 -1.05879e-21 5.29396e-22 0 
0 -8.47033e-22 -1.05879e-21 2.35515e-06 1.14431e-06 -3.11879e-08 
8.47033e-22 0 5.29396e-22 1.14431e-06 6.2334e-07 2.59849e-08 
1.05879e-21 -5.29396e-22 0 -3.11879e-08 2.59849e-08 2.8811e-06 
0.111982 0.604711 0.0431672 
-0.00103593 0.000416177 0.000598486 
0.000684073 0 0 0 0 1.69407e-21 
0 0.000684073 0 0 0 0 
0 0 0.000684073 -1.69407e-21 2.11758e-22 0 
0 0 -1.69407e-21 4.23531e-06 -1.33628e-06 -6.69961e-07 
0 0 2.11758e-22 -1.33628e-06 2.00188e-06 -1.17434e-07 
1.69407e-21 -2.11758e-22 0 -6.69961e-07 -1.17434e-07 4.08122e-06 
0.100752 0.524012 0.0594304 
-0.000609821 9.91711e-05 0.000432693 
0.000684073 0 0 0 5.29396e-22 0 
0 0.000684073 0 0 0 6.35275e-22 
0 0 0.000684073 0 0 0 
0 0 0 4.46941e-06 -1.68203e-06 -1.05171e-06 
0 0 1.69407e-21 -1.68203e-06 2.13488e-06 -1.6018e-06 
0 -1.69407e-21 0 -1.05171e-06 -1.6018e-06 4.37406e-06 
0.095118 0.54042 0.0460839 
-0.00149737 0.000299429 0.000946823 
0.000684073 0 0 0 -1.69407e-21 0 
0 0.000684073 0 1.27055e-21 0 -8.47033e-22 
0 0 0.000684073 0 8.47033e-22 0 
0 -4.23516e-22 0 7.01622e-06 -1.48167e-06 -9.18548e-07 
4.23516e-22 0 -1.69407e-21 -1.48167e-06 2.16193e-06 -5.30695e-07 
0 1.69407e-21 0 -9.18548e-07 -5.30695e-07 6.6085e-06 
0.100545 0.598783 0.0258987 
-0.000605005 0.000245874 0.000260972 
0.000684073 0 0 0 -8.47033e-22 -3.38813e-21 
0 0.000684073 0 8.47033e-22 0 1.69407e-21 
0 0 0.000684073 2.5411e-21 -1.05879e-21 0 
0 0 2.5411e-21 3.85421e-06 -1.59939e-06 -3.49516e-07 
0 0 -1.05879e-21 -1.59939e-06 1.19178e-06 -4.44991e-07 
-2.5411e-21 1.05879e-21 0 -3.49516e-07 -4.44991e-07 4.26394e-06 
0.107036 0.622012 0.0179414 
-0.000696296 0.000297783 0.00026467 
0.000684073 0 0 0 -6.35275e-22 3.38813e-21 
0 0.000684073 0 8.47033e-22 0 0 
0 0 0.000684073 -3.38813e-21 0 0 
0 8.47033e-22 -3.38813e-21 3.38587e-06 -1.3122e-06 -3.41915e-07 
-8.47033e-22 0 1.69407e-21 -1.3122e-06 1.26556e-06 -2.88954e-07 
3.38813e-21 -1.69407e-21 0 -3.41915e-07 -2.88954e-07 3.50261e-06 
0.082456 0.473034 0.0418473 
-0.000386415 3.35599e-06 0.000243001 
0.000684073 0 0 0 8.47033e-22 1.69407e-21 
0 0.000684073 0 -4.23516e-22 0 0 
0 0 0.000684073 -1.69407e-21 0 0 
0 4.23516e-22 -1.69407e-21 1.50608e-06 1.85251e-07 -4.42571e-07 
-4.23516e-22 0 2.11758e-22 1.85251e-07 9.84693e-07 3.05604e-07 
1.69407e-21 -2.11758e-22 0 -4.42571e-07 3.05604e-07 1.0748e-06 
0.0872198 0.45093 0.0486147 
-0.000533236 -2.62121e-05 0.000329717 
0.000684073 0 0 0 0 4.23516e-22 
0 0.000684073 0 0 0 0 
0 0 0.000684073 0 0 0 
0 -1.69407e-21 0 2.42582e-06 4.90546e-07 -5.6352e-07 
1.69407e-21 0 0 4.90546e-07 1.23075e-06 6.68713e-07 
0 0 0 -5.6352e-07 6.68713e-07 1.94018e-06 
0.0948171 0.419046 0.04804 
-0.000240272 -0.000154494 7.91295e-05 
0.000684073 0 0 0 0 -2.11758e-22 
0 0.000684073 0 0 0 0 
0 0 0.000684073 4.23516e-22 0 0 
0 0 4.23516e-22 2.70991e-06 -1.23636e-08 -7.3303e-07 
0 0 -4.23516e-22 -1.23636e-08 2.858e-06 -2.04223e-07 
-4.23516e-22 4.23516e-22 0 -7.3303e-07 -2.04223e-07 3.18833e-07 
0.0857268 0.423161 0.0283348 
-0.000312646 -0.000198158 0.000102302 
0.000684073 0 0 0 -1.69407e-21 0 
0 0.000684073 0 0 0 0 
0 0 0.000684073 0 0 0 
0 0 0 2.16841e-06 6.92575e-08 -5.97994e-07 
0 0 0 6.92575e-08 2.24997e-06 -9.44095e-08 
0 0 0 -5.97994e-07 -9.44095e-08 3.9758e-07 
0.0732716 0.451767 0.0149953 
-0.000419643 -7.6519e-05 0.000115769 
0.000684073 0 0 0 1.69407e-21 4.23516e-22 
0 0.000684073 0 -1.27055e-21 0 0 
0 0 0.000684073 0 0 0 
0 -8.47033e-22 1.69407e-21 1.74353e-06 1.40409e-07 -9.23955e-08 
8.47033e-22 0 0 1.40409e-07 5.80166e-07 -2.9375e-07 
-1.69407e-21 0 0 -9.23955e-08 -2.9375e-07 1.26555e-06 
0.0817539 0.440261 0.0330441 
-0.000890853 -0.000198983 0.000324494 
0.000684073 0 0 0 0 -8.47033e-22 
0 0.000684073 0 0 0 0 
0 0 0.000684073 1.69407e-21 0 0 
0 -1.69407e-21 -1.69407e-21 3.25217e-06 4.93897e-07 -6.81726e-07 
1.69407e-21 0 8.47033e-22 4.93897e-07 2.00324e-06 3.70146e-07 
1.69407e-21 -8.47033e-22 0 -6.81726e-07 3.70146e-07 1.96621e-06 
0.0710655 0.473324 0.0138057 
-0.000423938 1.85019e-06 9.54958e-05 
0.000684073 0 0 0 0 0 
0 0.000684073 0 2.11758e-22 0 0 
0 0 0.000684073 0 0 0 
0 2.11758e-22 -1.69407e-21 1.58601e-06 2.18912e-08 -1.29014e-07 
-2.11758e-22 0 2.11758e-22 2.18912e-08 6.03967e-07 1.1677e-07 
1.69407e-21 -2.11758e-22 0 -1.29014e-07 1.1677e-07 1.03997e-06 
0.0806809 0.519248 0.0257598 
-0.00117095 0.000209833 0.000418103 
0.000684073 0 0 0 -4.23516e-22 0 
0 0.000684073 0 0 0 0 
0 0 0.000684073 0 0 0 
0 -1.69407e-21 0 7.27749e-06 -1.40083e-06 -3.71166e-07 
1.69407e-21 0 0 -1.40083e-06 1.10533e-06 -6.33074e-07 
0 0 0 -3.71166e-07 -6.33074e-07 6.93928e-06 
0.074784 0.483923 0.0250871 
-0.00037074 3.70867e-05 0.000129861 
0.000684073 0 0 0 0 -1.05879e-21 
0 0.000684073 0 8.47033e-22 0 0 
0 0 0.000684073 1.69407e-21 2.11758e-22 0 
0 8.47033e-22 1.69407e-21 1.39352e-06 9.06428e-09 -2.1944e-07 
-8.47033e-22 0 -2.11758e-22 9.06428e-09 7.67114e-07 2.26466e-07 
-1.69407e-21 2.11758e-22 0 -2.1944e-07 2.26466e-07 7.78324e-07 
0.11855 0.296515 0.0390985 
-0.000739602 0.000457508 -8.15901e-05 
0.000684073 0 0 0 -1.69407e-21 -1.69407e-21 
0 0.000684073 0 1.69407e-21 0 0 
0 0 0.000684073 8.47033e-22 4.23516e-22 0 
0 1.69407e-21 1.69407e-21 2.65992e-06 -8.64108e-07 2.66938e-07 
-1.69407e-21 0 -8.47033e-22 -8.64108e-07 1.86264e-06 1.9993e-07 
-1.69407e-21 8.47033e-22 0 2.66938e-07 1.9993e-07 1.92523e-06 
0.0567305 0.223475 0.0139401 
-0.000194147 0.000119983 9.14898e-05 
0.000684073 0 0 0 0 0 
0 0.000684073 0 0 0 -4.23516e-22 
0 0 0.000684073 0 0 0 
0 0 0 7.93398e-07 -9.39598e-08 -1.70313e-07 
0 0 0 -9.39598e-08 6.76758e-07 1.3498e-07 
0 0 0 -1.70313e-07 1.3498e-07 3.9329e-07 
0.0714234 0.238504 0.0182478 
-0.000452056 0.000412779 0.000253866 
0.000684073 0 0 0 1.27055e-21 0 
0 0.000684073 0 -1.69407e-21 0 0 
0 0 0.000684073 0 0 0 
0 -1.69407e-21 0 1.69087e-06 -1.04708e-06 -5.37395e-07 
1.69407e-21 0 0 -1.04708e-06 1.91534e-06 -1.84191e-07 
0 0 0 -5.37395e-07 -1.84191e-07 2.29132e-06 
0.0823448 0.254433 0.00241742 
-0.000763674 0.000887916 0.000216164 
0.000684073 0 0 0 -3.38813e-21 0 
0 0.000684073 0 2.5411e-21 0 -1.05879e-22 
0 0 0.000684073 0 0 0 
0 -8.47033e-22 0 2.84431e-06 -1.35942e-06 1.19259e-08 
8.47033e-22 0 0 -1.35942e-06 3.15623e-06 3.94673e-07 
0 0 0 1.19259e-08 3.94673e-07 2.84249e-06 
0.106002 0.281558 0.000911642 
-0.000609022 0.000404187 9.40285e-05 
0.000684073 0 0 0 -1.69407e-21 0 
0 0.000684073 0 2.5411e-21 0 -4.23516e-22 
0 0 0.000684073 0 8.47033e-22 0 
0 8.47033e-22 -1.69407e-21 2.67384e-06 -3.5258e-07 -2.08287e-07 
-8.47033e-22 0 0 -3.5258e-07 2.36799e-06 1.75121e-07 
1.69407e-21 0 0 -2.08287e-07 1.75121e-07 8.38154e-07 
0.0991235 0.268886 0.0120418 
-0.000402398 0.000281097 6.1105e-05 
0.000684073 0 0 0 3.17637e-21 0 
0 0.000684073 0 -3.38813e-21 0 0 
0 0 0.000684073 2.11758e-22 0 0 
0 0 -6.35275e-22 2.57541e-06 -1.35423e-07 -2.41921e-07 
0 0 4.23516e-22 -1.35423e-07 2.47731e-06 1.63652e-07 
6.35275e-22 -4.23516e-22 0 -2.41921e-07 1.63652e-07 3.60773e-07 
0.118773 0.29953 0.00236144 
-0.000466049 0.000344729 9.19987e-05 
0.000684073 0 0 0 0 0 
0 0.000684073 0 4.23516e-22 0 0 
0 0 0.000684073 -1.69407e-21 0 0 
0 -1.69407e-21 0 3.80318e-06 -1.11068e-06 9.01218e-07 
1.69407e-21 0 0 -1.11068e-06 2.48871e-06 1.71078e-06 
0 0 0 9.01218e-07 1.71078e-06 2.60177e-06 
0.12485 0.306356 0.0131185 
-0.000812711 0.000526092 7.77934e-05 
0.000684073 0 0 0 0 0 
0 0.000684073 0 0 0 1.69407e-21 
0 0 0.000684073 0 -1.05879e-21 0 
0 1.69407e-21 0 4.13877e-06 -1.30835e-06 7.71124e-07 
-1.69407e-21 0 6.35275e-22 -1.30835e-06 2.67305e-06 1.47218e-06 
0 -6.35275e-22 0 7.71124e-07 1.47218e-06 3.01197e-06 
0.0363274 0.19801 0.00167471 
-0.000309681 0.000198006 0.000104711 
0.000684073 0 0 0 0 0 
0 0.000684073 0 0 0 -1.69407e-21 
0 0 0.000684073 8.47033e-22 8.47033e-22 0 
0 0 8.47033e-22 1.27448e-06 -6.31721e-07 -2.75969e-07 
0 0 0 -6.31721e-07 8.99458e-07 -2.18903e-07 
-8.47033e-22 0 0 -2.75969e-07 -2.18903e-07 1.36947e-06 
0.0465956 0.215254 0.00128752 
-0.000288724 0.000163172 0.000111315 
0.000684073 0 0 0 8.47033e-22 0 
0 0.000684073 0 -8.47033e-22 0 0 
0 0 0.000684073 0 0 0 
0 8.47033e-22 0 1.22812e-06 -5.68404e-07 -3.01826e-07 
-8.47033e-22 0 0 -5.68404e-07 8.37964e-07 -2.60938e-07 
0 0 0 -3.01826e-07 -2.60938e-07 1.26535e-06 
0.0523187 0.216615 0.0278782 
-0.000172841 0.000259999 -2.06389e-05 
0.000684073 0 0 0 0 0 
0 0.000684073 0 0 0 8.47033e-22 
0 0 0.000684073 2.11758e-22 -8.47033e-22 0 
0 0 2.11758e-22 8.56829e-07 -2.11021e-07 1.7444e-07 
0 0 -8.47033e-22 -2.11021e-07 1.05947e-06 5.87139e-08 
-2.11758e-22 8.47033e-22 0 1.7444e-07 5.87139e-08 4.73881e-07 
0.043173 0.206881 0.0287552 
-0.000270944 0.000150366 -5.26484e-05 
0.000684073 0 0 0 0 0 
0 0.000684073 0 0 0 -8.47033e-22 
0 0 0.000684073 0 4.23516e-22 0 
0 1.69407e-21 0 1.06062e-06 -2.0478e-07 1.98162e-07 
-1.69407e-21 0 -4.23516e-22 -2.0478e-07 8.79621e-07 1.02356e-07 
0 4.23516e-22 0 1.98162e-07 1.02356e-07 4.85306e-07 
0.0554089 0.218471 0.0450814 
-0.00019309 0.00034501 2.10882e-05 
0.000684073 0 0 0 0 4.23516e-22 
0 0.000684073 0 -8.47033e-22 0 -6.35275e-22 
0 0 0.000684073 0 8.47033e-22 0 
0 0 0 1.15439e-06 -2.1006e-07 6.24168e-08 
0 0 8.47033e-22 -2.1006e-07 1.39936e-06 9.79413e-08 
0 -8.47033e-22 0 6.24168e-08 9.79413e-08 4.92065e-07 
0.038728 0.198306 0.051208 
-0.000456178 0.000163152 2.84349e-05 
0.000684073 0 0 0 1.69407e-21 -1.69407e-21 
0 0.000684073 0 -8.47033e-22 0 0 
0 0 0.000684073 8.47033e-22 0 0 
0 -1.69407e-21 -8.47033e-22 2.48244e-06 -1.2781e-07 5.10512e-08 
1.69407e-21 0 4.23516e-22 -1.2781e-07 2.08082e-06 4.97983e-07 
8.47033e-22 -4.23516e-22 0 5.10512e-08 4.97983e-07 4.8668e-07 
0.0298219 0.183207 0.0465536 
-0.000712929 0.000494114 7.63726e-05 
0.000684073 0 0 0 -3.38813e-21 8.47033e-22 
0 0.000684073 0 3.38813e-21 0 0 
0 0 0.000684073 -8.47033e-22 2.64698e-22 0 
0 3.38813e-21 8.47033e-22 3.27147e-06 -5.23575e-07 -5.67781e-07 
-3.38813e-21 0 2.11758e-22 -5.23575e-07 3.00469e-06 -4.20288e-07 
-8.47033e-22 -2.11758e-22 0 -5.67781e-07 -4.20288e-07 1.11418e-06 
0.0259809 0.180592 0.0207539 
-0.000389789 0.000271401 1.02245e-05 
0.000684073 0 0 0 -1.16467e-21 -1.69407e-21 
0 0.000684073 0 1.69407e-21 0 0 
0 0 0.000684073 8.47033e-22 0 0 
0 1.69407e-21 -1.69407e-21 1.39316e-06 -4.39365e-07 -4.04745e-08 
-1.69407e-21 0 4.23516e-22 -4.39365e-07 1.07023e-06 -2.93759e-08 
1.69407e-21 -4.23516e-22 0 -4.04745e-08 -2.93759e-08 9.36895e-07 
0.0373166 0.196497 0.0152042 
-0.000394352 0.000291576 1.50748e-06 
0.000684073 0 0 0 0 0 
0 0.000684073 0 0 0 1.69407e-21 
0 0 0.000684073 -8.47033e-22 -8.47033e-22 0 
0 -1.69407e-21 0 1.48378e-06 -6.46059e-07 -1.53978e-07 
1.69407e-21 0 0 -6.46059e-07 1.08933e-06 -2.05094e-07 
0 0 0 -1.53978e-07 -2.05094e-07 1.351e-06 
0.00915886 0.141697 0.0428889 
-0.000888306 0.000210972 -8.28259e-05 
0.000684073 0 0 0 0 -1.69407e-21 
0 0.000684073 0 -2.11758e-22 0 8.47033e-22 
0 0 0.000684073 1.69407e-21 -8.47033e-22 0 
0 -1.85288e-21 0 3.31644e-06 -3.92361e-07 2.84e-07 
1.85288e-21 0 -8.47033e-22 -3.92361e-07 1.96854e-06 4.6994e-07 
0 8.47033e-22 0 2.84e-07 4.6994e-07 1.58722e-06 
0.0122974 0.147254 0.0252558 
-0.000220166 5.25668e-05 -3.14096e-05 
0.000684073 0 0 0 -4.23516e-22 0 
0 0.000684073 0 4.23516e-22 0 -2.11758e-22 
0 0 0.000684073 0 4.23516e-22 0 
0 0 1.69407e-21 1.47005e-06 -3.26942e-07 2.11183e-08 
0 0 8.47033e-22 -3.26942e-07 1.94234e-07 2.08345e-08 
-1.69407e-21 -8.47033e-22 0 2.11183e-08 2.08345e-08 1.43796e-06 
0.0187399 0.16396 0.00749345 
-0.000169449 7.41277e-05 1.86078e-05 
0.000684073 0 0 0 1.58819e-22 0 
0 0.000684073 0 0 0 4.23516e-22 
0 0 0.000684073 0 -3.17637e-22 0 
0 0 -1.69407e-21 9.78207e-07 -2.75294e-07 1.08936e-07 
0 0 -3.17637e-22 -2.75294e-07 3.77892e-07 3.1665e-07 
1.69407e-21 3.17637e-22 0 1.08936e-07 3.1665e-07 8.17251e-07 
0.0186054 0.165828 0.0167128 
-0.000287054 7.93305e-05 -5.63546e-05 
0.000684073 0 0 0 1.27055e-21 0 
0 0.000684073 0 -1.69407e-21 0 -6.35275e-22 
0 0 0.000684073 0 8.47033e-22 0 
0 0 1.69407e-21 1.23931e-06 -2.57252e-07 2.04221e-07 
0 0 4.23516e-22 -2.57252e-07 6.65072e-07 3.45495e-07 
-1.69407e-21 -4.23516e-22 0 2.04221e-07 3.45495e-07 7.96608e-07 
0.00298627 0.120552 0.0567764 
-0.000666509 0.000149006 -6.0153e-05 
0.000684073 0 0 0 1.69407e-21 0 
0 0.000684073 0 -1.4029e-21 0 0 
0 0 0.000684073 0 0 0 
0 2.91168e-22 0 2.66793e-06 -1.99871e-07 2.30832e-07 
-2.91168e-22 0 0 -1.99871e-07 1.94925e-06 2.72066e-07 
0 0 0 2.30832e-07 2.72066e-07 8.49716e-07 
0.00064959 0.102041 0.0496466 
-0.000753508 9.42404e-05 -0.000105977 
0.000684073 0 0 0 0 1.69407e-21 
0 0.000684073 0 -8.47033e-22 0 0 
0 0 0.000684073 0 0 0 
0 -8.47033e-22 0 3.05729e-06 -3.08879e-07 2.88447e-07 
8.47033e-22 0 -4.23516e-22 -3.08879e-07 1.48394e-06 7.26621e-07 
0 4.23516e-22 0 2.88447e-07 7.26621e-07 1.73176e-06 
-0.00634196 0.0863928 0.0657035 
-0.000331823 0.000129547 -0.000148505 
0.000684073 0 0 0 -2.11758e-22 0 
0 0.000684073 0 0 0 0 
0 0 0.000684073 0 -2.77933e-22 0 
0 0 -1.69407e-21 1.23731e-06 -1.62426e-07 1.98989e-07 
0 0 -2.77933e-22 -1.62426e-07 7.59853e-07 -1.86576e-07 
1.69407e-21 2.77933e-22 0 1.98989e-07 -1.86576e-07 7.8239e-07 
0.00507847 0.0979829 0.0306778 
-0.000695674 1.35758e-05 -0.000255449 
0.000684073 0 0 0 8.47033e-22 0 
0 0.000684073 0 -1.69407e-21 0 -4.23516e-22 
0 0 0.000684073 8.47033e-22 0 0 
0 -1.69407e-21 8.47033e-22 2.77052e-06 -2.14663e-07 3.76138e-07 
1.69407e-21 0 8.47033e-22 -2.14663e-07 1.14059e-06 4.90414e-07 
-8.47033e-22 -8.47033e-22 0 3.76138e-07 4.90414e-07 1.91454e-06 
0.0137013 0.0806157 0.00989672 
-0.000205563 -4.98476e-05 -9.85222e-06 
0.000684073 0 0 0 1.05879e-22 -1.69407e-21 
0 0.000684073 0 0 0 0 
0 0 0.000684073 8.47033e-22 2.11758e-22 0 
0 0 2.5411e-21 2.10584e-06 4.82324e-07 -3.92818e-08 
0 0 6.35275e-22 4.82324e-07 1.9669e-07 1.78122e-07 
-2.5411e-21 -6.35275e-22 0 -3.92818e-08 1.78122e-07 2.1393e-06 
0.00897221 0.105052 0.0154568 
-0.000231793 -3.44803e-05 8.48201e-06 
0.000684073 0 0 0 4.23516e-22 8.47033e-22 
0 0.000684073 0 0 0 0 
0 0 0.000684073 0 0 0 
0 0 0 1.40973e-06 1.23846e-07 5.97399e-08 
0 0 2.11758e-22 1.23846e-07 4.67328e-07 -5.12566e-07 
0 -2.11758e-22 0 5.97399e-08 -5.12566e-07 9.74878e-07 
0.00999029 0.125027 0.0168743 
-0.000436433 7.73267e-05 -0.000132326 
0.000684073 0 0 0 0 0 
0 0.000684073 0 0 0 -2.11758e-22 
0 0 0.000684073 1.69407e-21 2.11758e-22 0 
0 0 0 2.45259e-06 -1.883e-07 3.9523e-08 
0 0 -4.23516e-22 -1.883e-07 4.96305e-07 -5.4864e-07 
0 4.23516e-22 0 3.9523e-08 -5.4864e-07 2.04698e-06 
-0.0302152 -0.0311086 0.081704 
-0.000597232 -0.000299353 0.000277073 
0.000684073 0 0 0 0 5.82335e-22 
0 0.000684073 0 -6.35275e-22 0 0 
0 0 0.000684073 0 0 0 
0 1.05879e-21 1.69407e-21 2.60885e-06 1.70381e-07 -4.19593e-07 
-1.05879e-21 0 8.47033e-22 1.70381e-07 1.9194e-06 -6.8021e-07 
-1.69407e-21 -8.47033e-22 0 -4.19593e-07 -6.8021e-07 1.24957e-06 
-0.0172554 -0.0448695 0.0894404 
-0.000610457 -0.000459747 0.000395775 
0.000684073 0 0 0 0 0 
0 0.000684073 0 0 0 0 
0 0 0.000684073 0 2.11758e-22 0 
0 0 -1.69407e-21 2.7219e-06 4.97046e-07 -2.59482e-07 
0 0 2.11758e-22 4.97046e-07 1.8972e-06 -8.21603e-07 
1.69407e-21 -2.11758e-22 0 -2.59482e-07 -8.21603e-07 1.90983e-06 
-0.0334353 -0.0416356 0.0617032 
-0.000286731 -0.000140032 9.65085e-05 
0.000684073 0 0 0 0 0 
0 0.000684073 0 0 0 -4.23516e-22 
0 0 0.000684073 1.58819e-22 4.23516e-22 0 
0 0 2.11758e-22 1.4579e-06 3.63259e-07 6.37162e-08 
0 0 4.23516e-22 3.63259e-07 5.79138e-07 -4.22114e-07 
-2.11758e-22 -4.23516e-22 0 6.37162e-08 -4.22114e-07 1.19069e-06 
0.120502 -0.0799523 0.0345831 
-0.000266416 -0.000165726 0.000157811 
0.000684073 0 0 0 0 0 
0 0.000684073 0 0 0 0 
0 0 0.000684073 -8.47033e-22 0 0 
0 0 0 1.30493e-06 1.10845e-07 -1.38204e-07 
0 0 0 1.10845e-07 8.52688e-07 -4.4618e-07 
0 0 0 -1.38204e-07 -4.4618e-07 7.5388e-07 
0.116807 -0.0939811 0.0159174 
-0.000283104 -0.000147048 0.000186029 
0.000684073 0 0 0 0 0 
0 0.000684073 0 0 0 0 
0 0 0.000684073 -4.23516e-22 0 0 
0 0 -8.47033e-22 1.70346e-06 -1.33102e-07 -5.4781e-07 
0 0 0 -1.33102e-07 1.55752e-06 -5.47808e-07 
8.47033e-22 0 0 -5.4781e-07 -5.47808e-07 7.27609e-07 
0.120301 -0.104248 0.020503 
-0.000433759 6.59415e-05 0.000178466 
0.000684073 0 0 0 -7.41154e-22 0 
0 0.000684073 0 0 0 0 
0 0 0.000684073 0 0 0 
0 0 0 2.00622e-06 -1.23485e-07 -6.92743e-07 
0 0 -8.47033e-22 -1.23485e-07 1.92867e-06 -1.59222e-07 
0 8.47033e-22 0 -6.92743e-07 -1.59222e-07 6.85149e-07 
0.114464 -0.115384 0.0103954 
-0.000336498 5.028e-05 0.00013829 
0.000684073 0 0 0 1.69407e-21 -8.47033e-22 
0 0.000684073 0 -1.69407e-21 0 0 
0 0 0.000684073 4.23516e-22 0 0 
0 -1.69407e-21 -4.23516e-22 1.58574e-06 -1.56848e-08 -5.28949e-07 
1.69407e-21 0 8.47033e-22 -1.56848e-08 1.52942e-06 6.2199e-08 
4.23516e-22 -8.47033e-22 0 -5.28949e-07 6.2199e-08 4.95766e-07 
0.105983 -0.120319 -0.0132625 
-0.000401335 3.12009e-05 0.000109205 
0.000684073 0 0 0 1.69407e-21 4.23516e-22 
0 0.000684073 0 -8.47033e-22 0 0 
0 0 0.000684073 0 -2.11758e-22 0 
0 8.47033e-22 0 1.855e-06 -1.23438e-07 -4.12106e-07 
-8.47033e-22 0 2.11758e-22 -1.23438e-07 1.54212e-06 -3.29468e-07 
0 -2.11758e-22 0 -4.12106e-07 -3.29468e-07 5.56348e-07 
0.100756 -0.0968741 -0.0277261 
-0.00066402 -0.000176088 0.000172596 
0.000684073 0 0 0 3.38813e-21 -8.47033e-22 
0 0.000684073 0 -1.69407e-21 0 0 
0 0 0.000684073 0 0 0 
0 -1.69407e-21 0 3.589e-06 7.01284e-08 -7.61988e-07 
1.69407e-21 0 -4.23516e-22 7.01284e-08 3.34865e-06 -1.96451e-07 
0 4.23516e-22 0 -7.61988e-07 -1.96451e-07 6.73662e-07 
0.0919573 -0.070338 -0.0175769 
-0.000234191 -0.000151953 3.3679e-05 
0.000684073 0 0 0 -1.27055e-21 8.47033e-22 
0 0.000684073 0 1.69407e-21 0 0 
0 0 0.000684073 -6.35275e-22 -4.23516e-22 0 
0 1.69407e-21 -6.35275e-22 8.54177e-07 2.67032e-07 -1.24238e-07 
-1.69407e-21 0 -4.23516e-22 2.67032e-07 6.53481e-07 8.89991e-08 
6.35275e-22 4.23516e-22 0 -1.24238e-07 8.89991e-08 5.82952e-07 
0.101739 -0.072255 0.0118986 
-0.000214683 -0.000203825 4.49379e-05 
0.000684073 0 0 0 -4.23516e-22 0 
0 0.000684073 0 0 0 4.23516e-22 
0 0 0.000684073 0 -8.47033e-22 0 
0 0 0 1.3032e-06 4.05024e-07 -6.03392e-07 
0 0 -8.47033e-22 4.05024e-07 1.48043e-06 4.21766e-07 
0 8.47033e-22 0 -6.03392e-07 4.21766e-07 8.44455e-07 
0.100949 -0.076254 -0.00047997 
-0.000339821 -0.00023819 0.000133227 
0.000684073 0 0 0 -1.69407e-21 -1.72054e-22 
0 0.000684073 0 1.69407e-21 0 -8.47033e-22 
0 0 0.000684073 0 0 0 
0 0 8.47033e-22 1.40765e-06 4.10005e-07 -5.53958e-07 
0 0 0 4.10005e-07 1.46793e-06 2.51484e-07 
-8.47033e-22 0 0 -5.53958e-07 2.51484e-07 9.48847e-07 
0.107915 -0.0910354 0.000320403 
-0.000383007 -8.71466e-05 0.000149493 
0.000684073 0 0 0 1.69407e-21 0 
0 0.000684073 0 -1.69407e-21 0 2.11758e-22 
0 0 0.000684073 -1.72054e-22 0 0 
0 0 -1.72054e-22 1.47898e-06 3.84482e-08 -3.02414e-07 
0 0 0 3.84482e-08 1.03733e-06 -2.32865e-07 
1.72054e-22 0 0 -3.02414e-07 -2.32865e-07 6.95223e-07 
0.117207 -0.131424 0.0326198 
-0.000768102 0.000293759 0.000246376 
0.000684073 0 0 0 0 0 
0 0.000684073 0 0 0 4.23516e-22 
0 0 0.000684073 -8.47033e-22 0 0 
0 0 0 3.8705e-06 -1.22946e-07 -3.24284e-07 
0 0 0 -1.22946e-07 2.65199e-06 1.24964e-06 
0 0 0 -3.24284e-07 1.24964e-06 1.52058e-06 
0.111701 -0.155275 0.0409337 
-0.00090453 0.000264831 0.000248364 
0.000684073 0 0 0 -5.29396e-22 -1.69407e-21 
0 0.000684073 0 0 0 -4.23516e-22 
0 0 0.000684073 1.69407e-21 4.23516e-22 0 
0 0 0 5.97987e-06 -1.21283e-07 -1.46253e-07 
0 0 0 -1.21283e-07 3.28613e-06 2.51132e-06 
0 0 0 -1.46253e-07 2.51132e-06 2.84508e-06 
0.106916 -0.154988 0.0228065 
-0.000702924 0.000196889 0.000183253 
0.000684073 0 0 0 0 1.69407e-21 
0 0.000684073 0 0 0 2.11758e-22 
0 0 0.000684073 0 -1.05879e-22 0 
0 0 0 5.71603e-06 -1.06486e-07 -4.81056e-08 
0 0 -2.11758e-22 -1.06486e-07 2.9871e-06 2.56905e-06 
0 2.11758e-22 0 -4.81056e-08 2.56905e-06 2.81367e-06 
0.0941826 -0.177824 -0.00965665 
-0.000957104 0.000184895 0.000246272 
0.000684073 0 0 0 4.23516e-22 0 
0 0.000684073 0 0 0 0 
0 0 0.000684073 -1.69407e-21 0 0 
0 -1.69407e-21 -1.69407e-21 3.46103e-06 -4.17717e-07 -3.85991e-07 
1.69407e-21 0 0 -4.17717e-07 1.60753e-06 -9.6688e-08 
1.69407e-21 0 0 -3.85991e-07 -9.6688e-08 2.21353e-06 
0.096724 -0.152383 -0.0217729 
-0.000957054 0.000230021 0.000223433 
0.000684073 0 0 0 0 1.69407e-21 
0 0.000684073 0 -2.11758e-22 0 -2.11758e-22 
0 0 0.000684073 0 4.23516e-22 0 
0 -1.69407e-21 0 3.43637e-06 -3.36591e-07 -3.73106e-07 
1.69407e-21 0 0 -3.36591e-07 1.9914e-06 2.18779e-07 
0 0 0 -3.73106e-07 2.18779e-07 1.78098e-06 
0.103941 -0.136073 -0.00916538 
-0.000589559 0.000164893 0.000151045 
0.000684073 0 0 0 -1.69407e-21 -1.69407e-21 
0 0.000684073 0 1.16467e-21 0 -2.11758e-22 
0 0 0.000684073 1.69407e-21 0 0 
0 1.27055e-21 0 2.59828e-06 -7.2184e-08 -3.23886e-07 
-1.27055e-21 0 4.23516e-22 -7.2184e-08 1.95243e-06 5.35939e-07 
0 -4.23516e-22 0 -3.23886e-07 5.35939e-07 8.52187e-07 
0.0888091 -0.25773 0.0175494 
-0.000704287 7.2835e-06 0.00015948 
0.000684073 0 0 0 -3.38813e-21 8.47033e-22 
0 0.000684073 0 1.69407e-21 0 0 
0 0 0.000684073 0 0 0 
0 -3.38813e-21 0 2.91983e-06 1.52018e-07 -3.63474e-07 
3.38813e-21 0 0 1.52018e-07 1.71922e-06 7.29855e-07 
0 0 0 -3.63474e-07 7.29855e-07 1.36208e-06 
0.0910702 -0.276443 0.0350966 
-0.000481043 6.00209e-05 6.50289e-05 
0.000684073 0 0 0 1.27055e-21 0 
0 0.000684073 0 -1.69407e-21 0 0 
0 0 0.000684073 0 0 0 
0 1.69407e-21 0 1.73058e-06 -9.95634e-08 -9.39132e-08 
-1.69407e-21 0 0 -9.95634e-08 8.29272e-07 1.18575e-07 
0 0 0 -9.39132e-08 1.18575e-07 9.51547e-07 
0.0936271 -0.274193 0.0504514 
-0.00033838 4.41805e-05 5.61561e-05 
0.000684073 0 0 0 4.23516e-22 0 
0 0.000684073 0 -8.47033e-22 0 0 
0 0 0.000684073 0 0 0 
0 0 0 1.33546e-06 -1.09923e-07 -5.39218e-08 
0 0 0 -1.09923e-07 4.12692e-07 8.19512e-08 
0 0 0 -5.39218e-08 8.19512e-08 9.69368e-07 
0.0884304 -0.289085 0.0161042 
-0.000538119 -2.11468e-06 3.80827e-05 
0.000684073 0 0 0 0 4.23516e-22 
0 0.000684073 0 -1.69407e-21 0 0 
0 0 0.000684073 0 0 0 
0 -3.38813e-21 0 3.4089e-06 -1.15461e-08 -2.18945e-07 
3.38813e-21 0 0 -1.15461e-08 3.1192e-06 -1.80093e-07 
0 0 0 -2.18945e-07 -1.80093e-07 3.20598e-07 
0.0985421 -0.293543 0.0674685 
-0.00018924 4.03736e-06 0.000120295 
0.000684073 0 0 0 -4.23516e-22 0 
0 0.000684073 0 4.23516e-22 0 0 
0 0 0.000684073 0 0 0 
0 0 0 2.61484e-06 4.41311e-08 -3.07521e-08 
0 0 -1.05879e-22 4.41311e-08 7.21991e-08 1.55385e-07 
0 1.05879e-22 0 -3.07521e-08 1.55385e-07 2.57985e-06 
0.0950078 -0.312505 0.0606797 
-0.000530764 1.35464e-06 0.000239482 
0.000684073 0 0 0 0 -8.47033e-22 
0 0.000684073 0 0 0 0 
0 0 0.000684073 0 0 0 
0 -8.47033e-22 0 4.39301e-06 -1.94953e-07 -1.16292e-07 
8.47033e-22 0 0 -1.94953e-07 3.08397e-07 -4.08672e-07 
0 0 0 -1.16292e-07 -4.08672e-07 4.19055e-06 
0.0923985 -0.301523 0.0536826 
-0.000399507 1.0539e-05 0.000126095 
0.000684073 0 0 0 0 0 
0 0.000684073 0 0 0 2.64698e-23 
0 0 0.000684073 0 0 0 
0 8.47033e-22 0 4.08095e-06 -2.70359e-07 -7.81571e-08 
-8.47033e-22 0 0 -2.70359e-07 2.34922e-07 -5.32469e-07 
0 0 0 -7.81571e-08 -5.32469e-07 3.90963e-06 
0.0901044 -0.323256 0.0361607 
-0.000948978 6.88134e-06 2.88502e-05 
0.000684073 0 0 0 1.69407e-21 4.23516e-22 
0 0.000684073 0 -8.47033e-22 0 0 
0 0 0.000684073 0 2.64698e-23 0 
0 -8.47033e-22 0 3.66324e-06 -3.52802e-08 -5.188e-08 
8.47033e-22 0 2.64698e-23 -3.52802e-08 1.55177e-06 -6.56418e-07 
0 -2.64698e-23 0 -5.188e-08 -6.56418e-07 2.11514e-06 
0.0886932 -0.308568 0.0139371 
-0.00130674 -3.74864e-05 9.41614e-05 
0.000684073 0 0 0 0 0 
0 0.000684073 0 0 0 1.05879e-22 
0 0 0.000684073 4.23516e-22 0 0 
0 0 -1.27055e-21 4.90367e-06 2.252e-08 -2.1449e-07 
0 0 2.11758e-22 2.252e-08 3.14896e-06 -3.92451e-07 
1.27055e-21 -2.11758e-22 0 -2.1449e-07 -3.92451e-07 1.78692e-06 
0.0843882 -0.322293 -0.0104168 
-0.000688652 9.64473e-05 0.000225337 
0.000684073 0 0 0 -1.69407e-21 -3.17637e-22 
0 0.000684073 0 1.69407e-21 0 -8.47033e-22 
0 0 0.000684073 0 4.23516e-22 0 
0 0 1.69407e-21 2.61294e-06 -9.05764e-08 -2.93617e-07 
0 0 0 -9.05764e-08 1.17158e-06 3.86661e-07 
-1.69407e-21 0 0 -2.93617e-07 3.86661e-07 1.65888e-06 
0.0789682 -0.300544 -0.0345445 
-0.000994131 0.000131035 0.000357734 
0.000684073 0 0 0 -3.38813e-21 0 
0 0.000684073 0 1.69407e-21 0 0 
0 0 0.000684073 0 -2.11758e-22 0 
0 -1.69407e-21 -3.38813e-21 4.94531e-06 1.64346e-07 -4.43573e-07 
1.69407e-21 0 0 1.64346e-07 1.95733e-06 1.60172e-06 
3.38813e-21 0 0 -4.43573e-07 1.60172e-06 3.26389e-06 
0.0783787 -0.271282 -0.0399797 
-0.00082041 -6.39735e-05 0.000200117 
0.000684073 0 0 0 1.69407e-21 -1.69407e-21 
0 0.000684073 0 -3.38813e-21 0 0 
0 0 0.000684073 1.69407e-21 0 0 
0 0 1.69407e-21 3.55914e-06 3.96094e-07 -4.79236e-07 
0 0 0 3.96094e-07 1.78934e-06 1.01083e-06 
-1.69407e-21 0 0 -4.79236e-07 1.01083e-06 2.06537e-06 
0.0835358 -0.273548 -0.0136849 
-0.00106035 -0.000138319 0.000151314 
0.000684073 0 0 0 0 0 
0 0.000684073 0 0 0 0 
0 0 0.000684073 -1.69407e-21 0 0 
0 0 0 4.62117e-06 4.39446e-07 -5.48254e-07 
0 0 -1.05879e-22 4.39446e-07 2.79868e-06 1.28959e-06 
0 1.05879e-22 0 -5.48254e-07 1.28959e-06 2.0936e-06 
0.0889352 -0.344189 0.0328332 
-0.000339546 5.79299e-05 1.61931e-05 
0.000684073 0 0 0 -8.47033e-22 -8.47033e-22 
0 0.000684073 0 1.69407e-21 0 0 
0 0 0.000684073 4.23516e-22 0 0 
0 1.69407e-21 4.23516e-22 1.63471e-06 -4.40799e-08 -1.79626e-08 
-1.69407e-21 0 -1.05879e-22 -4.40799e-08 1.31227e-06 2.59192e-07 
-4.23516e-22 1.05879e-22 0 -1.79626e-08 2.59192e-07 3.39196e-07 
0.0939637 -0.349776 0.0640678 
-0.000538481 6.75849e-05 0.000189368 
0.000684073 0 0 0 -8.47033e-22 -8.47033e-22 
0 0.000684073 0 0 0 0 
0 0 0.000684073 1.69407e-21 -1.05879e-22 0 
0 0 1.69407e-21 3.10995e-06 -1.65046e-07 -9.02046e-08 
0 0 -1.05879e-22 -1.65046e-07 4.82758e-07 4.87029e-07 
-1.69407e-21 1.05879e-22 0 -9.02046e-08 4.87029e-07 2.73206e-06 
0.0886175 -0.36822 0.058112 
-0.000458813 8.90203e-05 0.000220841 
0.000684073 0 0 0 0 -5.29396e-22 
0 0.000684073 0 0 0 0 
0 0 0.000684073 0 1.05879e-22 0 
0 0 -1.69407e-21 2.2946e-06 -1.03971e-07 -1.50543e-07 
0 0 1.05879e-22 -1.03971e-07 6.07506e-07 5.01393e-07 
1.69407e-21 -1.05879e-22 0 -1.50543e-07 5.01393e-07 1.87236e-06 
0.0866793 -0.359251 0.0462677 
-0.000268788 5.23107e-05 5.24995e-06 
0.000684073 0 0 0 0 1.69407e-21 
0 0.000684073 0 -1.32349e-23 0 0 
0 0 0.000684073 -1.69407e-21 0 0 
0 -1.32349e-23 0 1.49108e-06 -2.54457e-07 9.39175e-09 
1.32349e-23 0 0 -2.54457e-07 2.26315e-07 6.60193e-08 
0 0 0 9.39175e-09 6.60193e-08 1.36344e-06 
0.0828711 -0.350722 0.0134443 
-0.000500055 0.00024951 0.000142819 
0.000684073 0 0 0 8.47033e-22 0 
0 0.000684073 0 0 0 0 
0 0 0.000684073 4.23516e-22 0 0 
0 0 4.23516e-22 2.08193e-06 -2.60888e-07 -4.71277e-07 
0 0 0 -2.60888e-07 1.84631e-06 -3.92423e-08 
-4.23516e-22 0 0 -4.71277e-07 -3.92423e-08 7.65168e-07 
0.0742706 -0.346192 -0.0266823 
-0.000366114 0.000103628 3.59671e-05 
0.000684073 0 0 0 -8.47033e-22 0 
0 0.000684073 0 8.47033e-22 0 0 
0 0 0.000684073 -8.47033e-22 0 0 
0 0 0 1.72362e-06 -1.03109e-07 9.3215e-09 
0 0 0 -1.03109e-07 1.23126e-06 4.50465e-07 
0 0 0 9.3215e-09 4.50465e-07 5.48895e-07 
0.0797353 -0.343513 -0.00758208 
-0.000445312 0.000202765 0.000153223 
0.000684073 0 0 0 -8.47033e-22 0 
0 0.000684073 0 8.47033e-22 0 2.11758e-22 
0 0 0.000684073 0 0 0 
0 1.69407e-21 0 1.62623e-06 -2.6991e-07 -3.15298e-07 
-1.69407e-21 0 0 -2.6991e-07 1.22227e-06 5.63272e-08 
0 0 0 -3.15298e-07 5.63272e-08 8.66729e-07 
0.0753136 -0.433863 0.0324111 
-0.000500816 -3.909e-05 0.000401562 
0.000684073 0 0 0 0 0 
0 0.000684073 0 0 0 2.11758e-22 
0 0 0.000684073 0 0 0 
0 0 0 2.21569e-06 -4.30717e-08 -3.72946e-07 
0 0 0 -4.30717e-08 7.82411e-07 -2.22022e-07 
0 0 0 -3.72946e-07 -2.22022e-07 2.02462e-06 
0.0691221 -0.417089 0.0231779 
-0.000417999 8.926e-06 0.000159771 
0.000684073 0 0 0 0 8.47033e-22 
0 0.000684073 0 2.11758e-22 0 2.11758e-22 
0 0 0.000684073 0 -1.58819e-22 0 
0 3.17637e-22 0 3.61355e-06 -9.05308e-08 -6.22412e-08 
-3.17637e-22 0 2.64698e-22 -9.05308e-08 1.86107e-07 -4.39309e-08 
0 -2.64698e-22 0 -6.22412e-08 -4.39309e-08 3.47889e-06 
0.066276 -0.426548 0.0165977 
-0.000261128 6.08198e-06 0.000112395 
0.000684073 0 0 0 -4.23516e-22 0 
0 0.000684073 0 0 0 0 
0 0 0.000684073 -8.47033e-22 0 0 
0 0 -8.47033e-22 3.53464e-06 -7.22902e-08 -2.62818e-08 
0 0 2.11758e-22 -7.22902e-08 7.51366e-08 1.99536e-08 
8.47033e-22 -2.11758e-22 0 -2.62818e-08 1.99536e-08 3.4855e-06 
0.0617983 -0.431561 -0.0126261 
-0.000651226 -4.87411e-06 5.58596e-05 
0.000684073 0 0 0 0 0 
0 0.000684073 0 4.23516e-22 0 -2.11758e-22 
0 0 0.000684073 0 1.19114e-22 0 
0 -1.16467e-21 0 2.37262e-06 2.38468e-08 -1.18435e-07 
1.16467e-21 0 -9.26442e-23 2.38468e-08 1.3745e-06 1.90018e-07 
0 9.26442e-23 0 -1.18435e-07 1.90018e-07 1.01879e-06 
0.0644994 -0.393238 -0.0105106 
-0.000699698 9.91508e-05 6.37748e-05 
0.000684073 0 0 0 1.05879e-21 0 
0 0.000684073 0 -1.69407e-21 0 0 
0 0 0.000684073 0 0 0 
0 -1.69407e-21 -1.69407e-21 2.70909e-06 -1.40136e-07 -1.97636e-07 
1.69407e-21 0 0 -1.40136e-07 1.88919e-06 -2.03912e-07 
1.69407e-21 0 0 -1.97636e-07 -2.03912e-07 8.95644e-07 
0.0640956 -0.412332 0.00198822 
-0.000900681 5.57505e-05 0.000121162 
0.000684073 0 0 0 0 0 
0 0.000684073 0 -4.23516e-22 0 0 
0 0 0.000684073 0 0 0 
0 -4.23516e-22 3.38813e-21 3.22648e-06 -1.29491e-07 -2.15784e-07 
4.23516e-22 0 0 -1.29491e-07 1.55906e-06 -1.78323e-07 
-3.38813e-21 0 0 -2.15784e-07 -1.78323e-07 1.7415e-06 
0.0974863 -0.544868 0.0169491 
-0.000772726 -0.000284709 0.000566776 
0.000684073 0 0 0 -1.69407e-21 1.16467e-21 
0 0.000684073 0 1.27055e-21 0 0 
0 0 0.000684073 -1.69407e-21 0 0 
0 1.27055e-21 0 3.02356e-06 4.02915e-07 -6.13533e-07 
-1.27055e-21 0 0 4.02915e-07 1.65528e-06 -4.38633e-07 
0 0 0 -6.13533e-07 -4.38633e-07 2.56521e-06 
0.0869929 -0.52952 0.00930178 
-0.000369087 -0.000103395 0.00022106 
0.000684073 0 0 0 1.69407e-21 -1.69407e-21 
0 0.000684073 0 -1.69407e-21 0 2.11758e-22 
0 0 0.000684073 1.69407e-21 -2.11758e-22 0 
0 -1.69407e-21 0 2.57709e-06 2.09292e-08 -1.22023e-07 
1.69407e-21 0 2.11758e-22 2.09292e-08 6.95282e-07 -8.82149e-07 
0 -2.11758e-22 0 -1.22023e-07 -8.82149e-07 2.0397e-06 
0.0778267 -0.551551 -0.0235792 
-0.000314499 -8.19901e-05 0.000120305 
0.000684073 0 0 0 0 0 
0 0.000684073 0 0 0 0 
0 0 0.000684073 0 0 0 
0 0 0 1.56402e-06 3.56307e-07 -5.0128e-07 
0 0 0 3.56307e-07 1.24204e-06 5.18027e-07 
0 0 0 -5.0128e-07 5.18027e-07 8.91266e-07 
0.0789735 -0.536082 -0.0115451 
-0.000902503 -0.000205586 0.00036535 
0.000684073 0 0 0 -2.5411e-21 0 
0 0.000684073 0 3.38813e-21 0 -2.11758e-22 
0 0 0.000684073 0 0 0 
0 0 0 3.30078e-06 1.98132e-07 -6.37169e-07 
0 0 0 1.98132e-07 2.08314e-06 -3.66281e-07 
0 0 0 -6.37169e-07 -3.66281e-07 1.82377e-06 
0.179182 -0.770185 -0.0668083 
-0.000507653 -0.000371529 0.000155191 
0.000684073 0 0 0 0 -1.69407e-21 
0 0.000684073 0 0 0 0 
0 0 0.000684073 9.26442e-22 -4.23516e-22 0 
0 0 -7.94093e-22 2.64479e-06 7.44315e-07 3.2925e-07 
0 0 -4.23516e-22 7.44315e-07 1.67002e-06 -9.6197e-07 
7.94093e-22 4.23516e-22 0 3.2925e-07 -9.6197e-07 1.86292e-06 
0.140758 0.310179 0.0936099 
-0.000233204 0.000186278 0.000501653 
0.000684073 0 0 0 8.47033e-22 0 
0 0.000684073 0 -1.69407e-21 0 0 
0 0 0.000684073 8.47033e-22 0 0 
0 0 8.47033e-22 2.04727e-06 7.05537e-07 -6.87834e-07 
0 0 1.69407e-21 7.05537e-07 1.55217e-06 8.51984e-07 
-8.47033e-22 -1.69407e-21 0 -6.87834e-07 8.51984e-07 2.3272e-06 
0.159177 0.320654 0.101888 
-0.000717365 0.00026167 0.00104655 
0.000684073 0 0 0 0 0 
0 0.000684073 0 0 0 3.38813e-21 
0 0 0.000684073 0 -1.69407e-21 0 
0 0 0 3.04151e-06 -2.04526e-07 -1.0222e-06 
0 0 -1.69407e-21 -2.04526e-07 2.37128e-06 4.18901e-07 
0 1.69407e-21 0 -1.0222e-06 4.18901e-07 3.80196e-06 
0.144411 0.291239 0.103719 
-0.000126006 0.000200559 0.000352949 
0.000684073 0 0 0 0 0 
0 0.000684073 0 0 0 0 
0 0 0.000684073 0 0 0 
0 -1.69407e-21 0 1.43399e-06 5.7994e-07 -6.47132e-07 
1.69407e-21 0 -8.47033e-22 5.7994e-07 1.50317e-06 6.7323e-07 
0 8.47033e-22 0 -6.47132e-07 6.7323e-07 1.70999e-06 
0.124117 0.276999 0.113123 
2.72899e-05 0.000703702 0.000645955 
0.000684073 0 0 0 -1.69407e-21 -1.69407e-21 
0 0.000684073 0 8.47033e-22 0 -2.11758e-22 
0 0 0.000684073 8.47033e-22 0 0 
0 -8.47033e-22 -1.69407e-21 2.31777e-06 -1.59554e-08 7.00108e-08 
8.47033e-22 0 0 -1.59554e-08 2.5053e-06 1.15348e-06 
1.69407e-21 0 0 7.00108e-08 1.15348e-06 2.30395e-06 
0.129166 0.293358 0.0979334 
-7.37343e-05 0.000211648 0.000324419 
0.000684073 0 0 0 0 0 
0 0.000684073 0 -2.11758e-22 0 0 
0 0 0.000684073 0 0 0 
0 6.35275e-22 0 1.4197e-06 6.27062e-07 -6.06872e-07 
-6.35275e-22 0 0 6.27062e-07 1.45603e-06 6.86537e-07 
0 0 0 -6.06872e-07 6.86537e-07 1.70409e-06 
0.108555 0.274443 0.112321 
-0.000226916 0.00024415 0.000206327 
0.000684073 0 0 0 1.69407e-21 0 
0 0.000684073 0 -8.47033e-22 0 2.11758e-22 
0 0 0.000684073 0 0 0 
0 8.47033e-22 1.69407e-21 2.41184e-06 -2.0498e-07 7.37419e-08 
-8.47033e-22 0 0 -2.0498e-07 1.41558e-06 1.1351e-06 
-1.69407e-21 0 0 7.37419e-08 1.1351e-06 1.30326e-06 
0.102863 0.256894 0.127055 
-0.000154901 0.000173475 0.000143594 
0.000684073 0 0 0 4.23516e-22 0 
0 0.000684073 0 0 0 0 
0 0 0.000684073 4.23516e-22 0 0 
0 0 -1.27055e-21 1.06629e-06 -1.10581e-07 -4.26785e-08 
0 0 8.47033e-22 -1.10581e-07 7.5628e-07 4.52644e-07 
1.27055e-21 -8.47033e-22 0 -4.26785e-08 4.52644e-07 6.36821e-07 
0.095376 0.245929 0.117997 
-0.000600455 0.000164137 7.21079e-05 
0.000684073 0 0 0 0 0 
0 0.000684073 0 0 0 4.23516e-22 
0 0 0.000684073 0 -2.11758e-22 0 
0 0 1.69407e-21 2.1983e-06 -3.77886e-07 -1.18571e-07 
0 0 2.11758e-22 -3.77886e-07 9.61173e-07 -6.31386e-08 
-1.69407e-21 -2.11758e-22 0 -1.18571e-07 -6.31386e-08 1.4722e-06 
0.0935162 0.254949 0.100087 
-0.000591907 0.000144719 0.000207256 
0.000684073 0 0 0 0 0 
0 0.000684073 0 0 0 0 
0 0 0.000684073 -4.23516e-22 0 0 
0 0 -2.0117e-21 2.58904e-06 -3.10629e-07 -1.31154e-07 
0 0 0 -3.10629e-07 8.05842e-07 4.43106e-07 
2.0117e-21 0 0 -1.31154e-07 4.43106e-07 2.02694e-06 
0.102018 0.27825 0.095663 
-0.000370928 0.000273788 0.00014665 
0.000684073 0 0 0 0 -4.23516e-22 
0 0.000684073 0 8.47033e-22 0 0 
0 0 0.000684073 0 0 0 
0 8.47033e-22 0 1.37167e-06 -4.79835e-07 -1.14992e-07 
-8.47033e-22 0 0 -4.79835e-07 1.0252e-06 1.79281e-07 
0 0 0 -1.14992e-07 1.79281e-07 1.14575e-06 
0.0946318 0.224965 0.128126 
-0.000634392 -1.51018e-06 0.00017377 
0.000684073 0 0 0 -1.69407e-21 0 
0 0.000684073 0 1.69407e-21 0 0 
0 0 0.000684073 0 0 0 
0 1.69407e-21 -1.69407e-21 2.29203e-06 5.88904e-08 -3.16372e-07 
-1.69407e-21 0 -4.23516e-22 5.88904e-08 1.24001e-06 2.05097e-07 
1.69407e-21 4.23516e-22 0 -3.16372e-07 2.05097e-07 1.22561e-06 
0.0900885 0.215022 0.117277 
-0.000241038 8.46708e-05 0.000116627 
0.000684073 0 0 0 0 0 
0 0.000684073 0 0 0 0 
0 0 0.000684073 0 0 0 
0 0 0 1.71212e-06 1.38881e-07 -4.70279e-07 
0 0 0 1.38881e-07 1.54264e-06 5.39856e-07 
0 0 0 -4.70279e-07 5.39856e-07 5.27005e-07 
0.0924376 0.200444 0.124496 
-0.000480411 -5.33856e-05 0.000181308 
0.000684073 0 0 0 -1.69407e-21 0 
0 0.000684073 0 8.47033e-22 0 0 
0 0 0.000684073 0 0 0 
0 8.47033e-22 -1.69407e-21 1.88702e-06 2.29791e-07 -4.52718e-07 
-8.47033e-22 0 7.41154e-22 2.29791e-07 1.28583e-06 3.74033e-07 
1.69407e-21 -7.41154e-22 0 -4.52718e-07 3.74033e-07 9.93973e-07 
0.0847392 0.191258 0.114867 
-0.000290364 0.000145256 0.000347256 
0.000684073 0 0 0 0 -1.05879e-21 
0 0.000684073 0 0 0 0 
0 0 0.000684073 1.69407e-21 0 0 
0 0 1.69407e-21 1.60856e-06 -6.04162e-09 -2.67269e-07 
0 0 -8.47033e-22 -6.04162e-09 7.50602e-07 4.88796e-07 
-1.69407e-21 8.47033e-22 0 -2.67269e-07 4.88796e-07 1.50327e-06 
0.0606746 0.18039 0.1057 
-9.41617e-05 0.000230153 0.000290443 
0.000684073 0 0 0 6.35275e-22 8.47033e-22 
0 0.000684073 0 -8.47033e-22 0 0 
0 0 0.000684073 -8.47033e-22 0 0 
0 0 -8.47033e-22 8.71611e-07 -2.9545e-08 -1.4621e-07 
0 0 8.47033e-22 -2.9545e-08 8.83856e-07 3.95313e-07 
8.47033e-22 -8.47033e-22 0 -1.4621e-07 3.95313e-07 1.03416e-06 
0.071736 0.195233 0.103411 
-0.000280733 0.000156611 0.000405718 
0.000684073 0 0 0 -8.47033e-22 0 
0 0.000684073 0 4.23516e-22 0 8.47033e-22 
0 0 0.000684073 0 -8.47033e-22 0 
0 -8.47033e-22 -1.69407e-21 1.299e-06 -2.52138e-07 -3.03989e-07 
8.47033e-22 0 1.69407e-21 -2.52138e-07 8.72895e-07 2.13896e-07 
1.69407e-21 -1.69407e-21 0 -3.03989e-07 2.13896e-07 1.58608e-06 
0.0971614 0.169406 0.124198 
-0.000268392 -0.000138696 0.000411922 
0.000684073 0 0 0 0 0 
0 0.000684073 0 -2.11758e-22 0 0 
0 0 0.000684073 0 0 0 
0 8.47033e-22 0 1.38756e-06 1.07435e-06 -6.73408e-07 
-8.47033e-22 0 0 1.07435e-06 1.91241e-06 3.41793e-07 
0 0 0 -6.73408e-07 3.41793e-07 2.6526e-06 
0.099046 0.15474 0.121596 
-0.000278624 -9.38918e-05 0.000502657 
0.000684073 0 0 0 -8.47033e-22 1.69407e-21 
0 0.000684073 0 4.23516e-22 0 0 
0 0 0.000684073 -1.69407e-21 1.69407e-21 0 
0 -4.23516e-22 -1.69407e-21 1.57736e-06 1.10964e-06 -6.76476e-07 
4.23516e-22 0 1.69407e-21 1.10964e-06 1.89884e-06 3.77315e-07 
1.69407e-21 -1.69407e-21 0 -6.76476e-07 3.77315e-07 2.86721e-06 
0.0638135 0.153557 0.117397 
8.3782e-05 0.000299379 0.000568695 
0.000684073 0 0 0 4.23516e-22 8.47033e-22 
0 0.000684073 0 -3.17637e-22 0 0 
0 0 0.000684073 -8.47033e-22 0 0 
0 5.29396e-22 -8.47033e-22 8.13097e-07 1.17244e-06 -1.28751e-07 
-5.29396e-22 0 3.38813e-21 1.17244e-06 3.40595e-06 2.07729e-07 
8.47033e-22 -3.38813e-21 0 -1.28751e-07 2.07729e-07 4.03828e-06 
0.0755624 0.161749 0.114554 
-5.87935e-05 7.0033e-05 0.000598805 
0.000684073 0 0 0 -2.11758e-22 -8.47033e-22 
0 0.000684073 0 0 0 0 
0 0 0.000684073 1.69407e-21 0 0 
0 -4.23516e-22 1.69407e-21 1.36388e-06 1.21497e-06 -3.39302e-07 
4.23516e-22 0 0 1.21497e-06 2.07355e-06 2.71198e-07 
-1.69407e-21 0 0 -3.39302e-07 2.71198e-07 3.30737e-06 
0.0899167 0.115053 0.128073 
0.000138515 0.00025432 0.000910677 
0.000684073 0 0 0 0 8.47033e-22 
0 0.000684073 0 0 0 0 
0 0 0.000684073 -1.69407e-21 0 0 
0 4.23516e-22 0 1.50365e-06 -7.56693e-07 5.90113e-07 
-4.23516e-22 0 0 -7.56693e-07 2.71229e-06 4.73052e-07 
0 0 0 5.90113e-07 4.73052e-07 3.77221e-06 
0.0662749 0.131032 0.125918 
0.0001487 0.000488509 0.00144694 
0.000684073 0 0 0 0 0 
0 0.000684073 0 0 0 0 
0 0 0.000684073 0 0 0 
0 0 3.38813e-21 2.43549e-06 8.7979e-08 2.84908e-07 
0 0 -1.69407e-21 8.7979e-08 3.33411e-06 7.21133e-07 
-3.38813e-21 1.69407e-21 0 2.84908e-07 7.21133e-07 5.22411e-06 
0.0900074 0.0935773 0.130409 
0.000142092 -6.59917e-05 0.000809702 
0.000684073 0 0 0 -1.05879e-22 0 
0 0.000684073 0 0 0 -4.23516e-22 
0 0 0.000684073 8.47033e-22 0 0 
0 -4.23516e-22 -8.47033e-22 9.78423e-07 3.75667e-07 4.69335e-07 
4.23516e-22 0 0 3.75667e-07 2.59361e-06 -1.38038e-07 
8.47033e-22 0 0 4.69335e-07 -1.38038e-07 3.38481e-06 
0.0741754 0.0765001 0.130871 
0.000131984 -0.00013999 0.000969307 
