3 3961
0.215214 0.152504 0.0997849 
0.00112117 0.00107454 0.000420579 
0.000426121 0 0 0 0 8.47033e-22 
0 0.000426121 0 0 0 -8.47033e-22 
0 0 0.000426121 -8.47033e-22 0 0 
0 -3.38813e-21 8.47033e-22 2.61646e-06 8.43805e-07 6.03921e-07 
3.38813e-21 0 1.69407e-21 8.43805e-07 2.75455e-06 4.28105e-08 
-8.47033e-22 -1.69407e-21 0 6.03921e-07 4.28105e-08 1.93243e-06 
0.199204 0.173587 0.0803926 
0.00108449 0.00129096 0.00033018 
0.000426121 0 0 0 -1.69407e-21 0 
0 0.000426121 0 1.69407e-21 0 1.69407e-21 
0 0 0.000426121 0 -1.69407e-21 0 
0 1.69407e-21 1.69407e-21 2.93766e-06 7.09434e-07 4.11694e-07 
-1.69407e-21 0 -1.69407e-21 7.09434e-07 3.25078e-06 2.37531e-07 
-1.69407e-21 1.69407e-21 0 4.11694e-07 2.37531e-07 1.62656e-06 
0.208289 0.173906 0.0431665 
0.000974201 0.00113334 0.000193086 
0.000426121 0 0 0 0 0 
0 0.000426121 0 0 0 0 
0 0 0.000426121 -4.23516e-22 0 0 
0 1.69407e-21 -8.47033e-22 2.45903e-06 7.3511e-07 1.99702e-07 
-1.69407e-21 0 0 7.3511e-07 2.69879e-06 1.35688e-07 
8.47033e-22 0 0 1.99702e-07 1.35688e-07 1.54978e-06 
0.231113 0.152595 0.0295803 
0.00121205 0.00101009 0.000117472 
0.000426121 0 0 0 0 4.23516e-22 
0 0.000426121 0 0 0 -8.47033e-22 
0 0 0.000426121 -8.47033e-22 8.47033e-22 0 
0 -1.69407e-21 0 2.83077e-06 8.05523e-07 1.90338e-07 
1.69407e-21 0 8.47033e-22 8.05523e-07 2.55527e-06 -1.14378e-08 
0 -8.47033e-22 0 1.90338e-07 -1.14378e-08 1.655e-06 
0.245884 0.129695 0.049273 
0.00130805 0.000909124 0.000224139 
0.000426121 0 0 0 0 -8.47033e-22 
0 0.000426121 0 -6.35275e-22 0 8.47033e-22 
0 0 0.000426121 1.69407e-21 -8.47033e-22 0 
0 -6.35275e-22 0 2.92591e-06 8.72448e-07 2.86305e-07 
6.35275e-22 0 0 8.72448e-07 2.32606e-06 -5.21784e-11 
0 0 0 2.86305e-07 -5.21784e-11 1.9107e-06 
0.23907 0.129923 0.0822514 
0.00122263 0.000852582 0.000286527 
0.000426121 0 0 0 0 8.47033e-22 
0 0.000426121 0 0 0 -8.47033e-22 
0 0 0.000426121 -8.47033e-22 8.47033e-22 0 
0 1.69407e-21 1.69407e-21 2.7187e-06 8.58685e-07 2.95549e-07 
-1.69407e-21 0 -8.47033e-22 8.58685e-07 2.13242e-06 6.83032e-08 
-1.69407e-21 8.47033e-22 0 2.95549e-07 6.83032e-08 1.92239e-06 
0.253227 0.102409 0.0989225 
0.00133419 0.000851388 0.000354521 
0.000426121 0 0 0 0 -8.47033e-22 
0 0.000426121 0 -1.58819e-22 0 0 
0 0 0.000426121 0 0 0 
0 -1.58819e-22 0 2.96714e-06 9.36765e-07 2.98881e-07 
1.58819e-22 0 0 9.36765e-07 2.12103e-06 1.32849e-07 
0 0 0 2.98881e-07 1.32849e-07 2.2005e-06 
0.247162 0.0987959 0.128937 
0.0011913 0.00076094 0.000349875 
0.000426121 0 0 0 -1.58819e-22 0 
0 0.000426121 0 0 0 0 
0 0 0.000426121 -8.47033e-22 0 0 
0 0 -8.47033e-22 2.70983e-06 9.21798e-07 1.87126e-07 
0 0 8.47033e-22 9.21798e-07 1.80058e-06 2.38941e-07 
8.47033e-22 -8.47033e-22 0 1.87126e-07 2.38941e-07 2.19675e-06 
0.226536 0.118427 0.146356 
0.00101161 0.000838463 0.00045614 
0.000426121 0 0 0 -1.69407e-21 8.47033e-22 
0 0.000426121 0 1.69407e-21 0 0 
0 0 0.000426121 -7.41154e-22 0 0 
0 1.69407e-21 -6.35275e-22 2.42259e-06 5.84115e-07 4.30838e-07 
-1.69407e-21 0 0 5.84115e-07 2.22215e-06 3.2002e-07 
6.35275e-22 0 0 4.30838e-07 3.2002e-07 1.55724e-06 
0.208745 0.14462 0.133875 
0.00113981 0.00108183 0.000507153 
0.000426121 0 0 0 4.23516e-22 -1.69407e-21 
0 0.000426121 0 0 0 0 
0 0 0.000426121 1.69407e-21 0 0 
0 0 -1.69407e-21 2.76291e-06 8.33083e-07 2.70082e-07 
0 0 0 8.33083e-07 2.56577e-06 4.91242e-07 
1.69407e-21 0 0 2.70082e-07 4.91242e-07 2.0189e-06 
0.185536 0.155017 0.155412 
0.000905738 0.001129 0.000629828 
0.000426121 0 0 0 0 1.69407e-21 
0 0.000426121 0 0 0 8.47033e-22 
0 0 0.000426121 -8.47033e-22 -8.47033e-22 0 
0 1.69407e-21 8.47033e-22 2.7003e-06 5.14223e-07 3.91693e-07 
-1.69407e-21 0 8.47033e-22 5.14223e-07 2.79182e-06 7.33692e-07 
-8.47033e-22 -8.47033e-22 0 3.91693e-07 7.33692e-07 1.73518e-06 
0.172484 0.188942 0.0891477 
0.000654108 0.00133204 0.000375458 
0.000426121 0 0 0 1.69407e-21 -8.47033e-22 
0 0.000426121 0 -2.5411e-21 0 4.23516e-22 
0 0 0.000426121 8.47033e-22 0 0 
0 -8.47033e-22 -8.47033e-22 2.40155e-06 5.57446e-07 -4.76673e-08 
8.47033e-22 0 0 5.57446e-07 3.07292e-06 5.773e-07 
8.47033e-22 0 0 -4.76673e-08 5.773e-07 1.54429e-06 
0.159974 0.174609 0.14688 
0.000675576 0.00146724 0.000594 
0.000426121 0 0 0 1.69407e-21 8.47033e-22 
0 0.000426121 0 -8.47033e-22 0 -8.47033e-22 
0 0 0.000426121 -8.47033e-22 0 0 
0 -8.47033e-22 0 2.14282e-06 5.77615e-07 5.28667e-07 
8.47033e-22 0 0 5.77615e-07 3.41655e-06 4.43692e-07 
0 0 0 5.28667e-07 4.43692e-07 2.1649e-06 
0.15416 0.188333 0.117839 
0.000588369 0.00132913 0.000474509 
0.000426121 0 0 0 -8.47033e-22 0 
0 0.000426121 0 1.69407e-21 0 0 
0 0 0.000426121 0 -4.23516e-22 0 
0 1.69407e-21 8.47033e-22 1.64941e-06 7.10684e-07 2.85466e-07 
-1.69407e-21 0 -8.47033e-22 7.10684e-07 3.0596e-06 3.10583e-07 
-8.47033e-22 8.47033e-22 0 2.85466e-07 3.10583e-07 2.26115e-06 
0.15107 0.203035 0.0629634 
0.000457934 0.0013468 0.000156968 
0.000426121 0 0 0 -8.47033e-22 0 
0 0.000426121 0 4.23516e-22 0 0 
0 0 0.000426121 0 0 0 
0 0 0 1.51787e-06 6.14118e-07 -1.62517e-07 
0 0 0 6.14118e-07 3.03561e-06 2.05043e-07 
0 0 0 -1.62517e-07 2.05043e-07 1.98315e-06 
0.15819 0.204052 0.0320997 
0.000534903 0.00156282 0.000167884 
0.000426121 0 0 0 1.27055e-21 0 
0 0.000426121 0 -1.69407e-21 0 0 
0 0 0.000426121 0 0 0 
0 0 -4.23516e-22 1.90643e-06 6.15857e-07 -3.61493e-08 
0 0 0 6.15857e-07 3.46298e-06 1.92306e-07 
4.23516e-22 0 0 -3.61493e-08 1.92306e-07 2.01945e-06 
0.18869 0.190278 0.0210578 
0.000842713 0.00133424 2.34529e-05 
0.000426121 0 0 0 0 0 
0 0.000426121 0 4.23516e-22 0 0 
0 0 0.000426121 8.47033e-22 0 0 
0 -1.69407e-21 0 2.27819e-06 7.68639e-07 2.27729e-08 
1.69407e-21 0 0 7.68639e-07 3.01e-06 1.7123e-08 
0 0 0 2.27729e-08 1.7123e-08 1.70337e-06 
0.194523 0.186007 -0.0133013 
0.000842224 0.00130766 -6.57936e-05 
0.000426121 0 0 0 -1.27055e-21 0 
0 0.000426121 0 1.69407e-21 0 0 
0 0 0.000426121 2.11758e-22 4.23516e-22 0 
0 1.69407e-21 1.05879e-21 2.21547e-06 8.12735e-07 1.17047e-07 
-1.69407e-21 0 4.23516e-22 8.12735e-07 2.93668e-06 -1.60113e-07 
-1.05879e-21 -4.23516e-22 0 1.17047e-07 -1.60113e-07 1.78424e-06 
0.236704 0.147328 -0.00649878 
0.00125405 0.00102086 -3.18123e-05 
0.000426121 0 0 0 6.35275e-22 0 
0 0.000426121 0 0 0 0 
0 0 0.000426121 4.23516e-22 -8.47033e-22 0 
0 1.69407e-21 4.23516e-22 2.95594e-06 8.32148e-07 1.43479e-07 
-1.69407e-21 0 0 8.32148e-07 2.60011e-06 -2.36283e-07 
-4.23516e-22 0 0 1.43479e-07 -2.36283e-07 1.70337e-06 
0.219713 0.164369 -0.0272718 
0.00108988 0.00108566 -0.000157341 
0.000426121 0 0 0 0 2.11758e-22 
0 0.000426121 0 0 0 -4.23516e-22 
0 0 0.000426121 0 8.47033e-22 0 
0 0 0 2.69401e-06 8.21808e-07 1.10259e-07 
0 0 0 8.21808e-07 2.61755e-06 -3.73708e-07 
0 0 0 1.10259e-07 -3.73708e-07 1.68187e-06 
0.255603 0.121045 -0.0195323 
0.00125433 0.000832354 -6.81636e-05 
0.000426121 0 0 0 0 -4.23516e-22 
0 0.000426121 0 1.69407e-21 0 0 
0 0 0.000426121 8.47033e-22 0 0 
0 0 0 2.88155e-06 7.08305e-07 -1.5235e-08 
0 0 0 7.08305e-07 2.27479e-06 -1.24771e-07 
0 0 0 -1.5235e-08 -1.24771e-07 1.54846e-06 
0.269491 0.099082 0.00136306 
0.00134111 0.000763892 2.08483e-05 
0.000426121 0 0 0 0 8.47033e-22 
0 0.000426121 0 -2.11758e-22 0 -8.47033e-22 
0 0 0.000426121 0 0 0 
0 -1.90582e-21 0 2.97583e-06 8.3625e-07 7.73421e-08 
1.90582e-21 0 0 8.3625e-07 1.98779e-06 -9.45658e-08 
0 0 0 7.73421e-08 -9.45658e-08 1.94309e-06 
0.265363 0.102465 0.0340893 
0.00136771 0.00079074 0.000160147 
0.000426121 0 0 0 0 0 
0 0.000426121 0 0 0 2.11758e-22 
0 0 0.000426121 0 0 0 
0 1.69407e-21 8.47033e-22 3.03233e-06 8.3093e-07 1.75115e-07 
-1.69407e-21 0 0 8.3093e-07 2.09209e-06 1.93691e-08 
-8.47033e-22 0 0 1.75115e-07 1.93691e-08 1.94205e-06 
0.278237 0.0756902 0.0524121 
0.00137667 0.000763157 0.000182297 
0.000426121 0 0 0 0 -8.47033e-22 
0 0.000426121 0 -1.05879e-22 0 0 
0 0 0.000426121 0 0 0 
0 -1.05879e-22 -1.69407e-21 3.04826e-06 8.4015e-07 2.01831e-07 
1.05879e-22 0 0 8.4015e-07 2.0247e-06 1.92246e-09 
1.69407e-21 0 0 2.01831e-07 1.92246e-09 2.00848e-06 
0.272914 0.0754059 0.0842669 
0.00130569 0.000729353 0.000279209 
0.000426121 0 0 0 0 8.47033e-22 
0 0.000426121 0 0 0 6.35275e-22 
0 0 0.000426121 -8.47033e-22 -8.47033e-22 0 
0 0 0 2.91542e-06 8.10582e-07 1.9925e-07 
0 0 0 8.10582e-07 1.89164e-06 1.7781e-07 
0 0 0 1.9925e-07 1.7781e-07 2.01457e-06 
0.259702 0.0708255 0.148493 
0.00117013 0.000773669 0.000330781 
0.000426121 0 0 0 1.69407e-21 8.47033e-22 
0 0.000426121 0 -1.27055e-21 0 0 
0 0 0.000426121 -1.69407e-21 0 0 
0 8.47033e-22 0 2.81547e-06 6.09187e-07 1.66571e-07 
-8.47033e-22 0 0 6.09187e-07 2.14232e-06 4.71673e-07 
0 0 0 1.66571e-07 4.71673e-07 1.5729e-06 
0.277536 0.0466787 0.13866 
0.00131811 0.000792987 0.000334784 
0.000426121 0 0 0 0 -8.47033e-22 
0 0.000426121 0 0 0 -5.29396e-22 
0 0 0.000426121 8.47033e-22 8.47033e-22 0 
0 -1.69407e-21 8.47033e-22 3.04334e-06 6.84682e-07 2.25017e-07 
1.69407e-21 0 0 6.84682e-07 2.22013e-06 3.65241e-07 
-8.47033e-22 0 0 2.25017e-07 3.65241e-07 1.76134e-06 
0.284683 0.0476461 0.104449 
0.00132632 0.000780056 0.000262157 
0.000426121 0 0 0 0 8.47033e-22 
0 0.000426121 0 -4.23516e-22 0 0 
0 0 0.000426121 0 0 0 
0 -4.23516e-22 0 3.05443e-06 6.90784e-07 1.44239e-07 
4.23516e-22 0 8.47033e-22 6.90784e-07 2.19796e-06 3.47311e-07 
0 -8.47033e-22 0 1.44239e-07 3.47311e-07 1.72604e-06 
0.248185 0.0731911 0.179272 
0.00111148 0.000764034 0.000404767 
0.000426121 0 0 0 -4.23516e-22 -1.69407e-21 
0 0.000426121 0 0 0 0 
0 0 0.000426121 1.27055e-21 -4.23516e-22 0 
0 -1.69407e-21 -4.23516e-22 2.46652e-06 7.91378e-07 4.18812e-07 
1.69407e-21 0 -4.23516e-22 7.91378e-07 1.97557e-06 6.83434e-08 
4.23516e-22 4.23516e-22 0 4.18812e-07 6.83434e-08 1.88398e-06 
0.226873 0.102044 0.177548 
0.00103617 0.000871589 0.000419874 
0.000426121 0 0 0 1.27055e-21 0 
0 0.000426121 0 -1.69407e-21 0 0 
0 0 0.000426121 0 0 0 
0 0 1.69407e-21 2.74521e-06 8.59581e-07 -8.27365e-08 
0 0 -8.47033e-22 8.59581e-07 2.04979e-06 7.53644e-07 
-1.69407e-21 8.47033e-22 0 -8.27365e-08 7.53644e-07 2.07447e-06 
0.210148 0.109271 0.199069 
0.00107028 0.00101606 0.000583311 
0.000426121 0 0 0 0 0 
0 0.000426121 0 0 0 0 
0 0 0.000426121 4.23516e-22 -4.23516e-22 0 
0 0 -8.47033e-22 2.8573e-06 8.40418e-07 7.34601e-08 
0 0 8.47033e-22 8.40418e-07 2.35448e-06 7.93294e-07 
8.47033e-22 -8.47033e-22 0 7.34601e-08 7.93294e-07 2.17857e-06 
0.186603 0.13605 0.189414 
0.00086628 0.00109762 0.000556684 
0.000426121 0 0 0 4.23516e-22 -8.47033e-22 
0 0.000426121 0 0 0 0 
0 0 0.000426121 0 0 0 
0 0 0 2.57436e-06 7.49085e-07 -1.54533e-08 
0 0 -8.47033e-22 7.49085e-07 2.51169e-06 8.09719e-07 
0 8.47033e-22 0 -1.54533e-08 8.09719e-07 1.94107e-06 
0.166218 0.138362 0.211302 
0.000767126 0.00119109 0.00072274 
0.000426121 0 0 0 0 0 
0 0.000426121 0 1.69407e-21 0 0 
0 0 0.000426121 0 0 0 
0 1.69407e-21 0 2.56629e-06 6.61496e-07 7.72692e-08 
-1.69407e-21 0 -4.23516e-22 6.61496e-07 2.68624e-06 9.12819e-07 
0 4.23516e-22 0 7.72692e-08 9.12819e-07 2.07981e-06 
0.13249 0.17408 0.171429 
0.000408571 0.00127543 0.000678798 
0.000426121 0 0 0 0 -8.47033e-22 
0 0.000426121 0 0 0 0 
0 0 0.000426121 8.47033e-22 0 0 
0 1.69407e-21 0 1.80038e-06 3.5797e-07 2.45804e-07 
-1.69407e-21 0 -1.69407e-21 3.5797e-07 2.87213e-06 6.37765e-07 
0 1.69407e-21 0 2.45804e-07 6.37765e-07 1.97994e-06 
0.137668 0.156802 0.201849 
0.000435217 0.00139793 0.000696066 
0.000426121 0 0 0 1.69407e-21 0 
0 0.000426121 0 -1.27055e-21 0 0 
0 0 0.000426121 0 0 0 
0 -8.47033e-22 0 2.03023e-06 4.45797e-07 8.88653e-08 
8.47033e-22 0 1.69407e-21 4.45797e-07 3.10074e-06 7.32517e-07 
0 -1.69407e-21 0 8.88653e-08 7.32517e-07 2.07757e-06 
0.120827 0.201104 0.109548 
0.000241177 0.0013895 0.000377854 
0.000426121 0 0 0 0 0 
0 0.000426121 0 -3.17637e-22 0 -4.23516e-22 
0 0 0.000426121 0 0 0 
0 -2.11758e-22 0 1.71202e-06 3.5758e-07 -2.88713e-07 
2.11758e-22 0 0 3.5758e-07 3.13147e-06 4.64446e-07 
0 0 0 -2.88713e-07 4.64446e-07 1.79618e-06 
0.119329 0.209022 0.0759658 
0.000243992 0.00144828 0.000269616 
0.000426121 0 0 0 0 0 
0 0.000426121 0 0 0 0 
0 0 0.000426121 -1.05879e-22 0 0 
0 0 -1.05879e-22 1.81681e-06 1.97086e-07 3.44831e-07 
0 0 0 1.97086e-07 3.28522e-06 2.64771e-07 
1.05879e-22 0 0 3.44831e-07 2.64771e-07 1.6334e-06 
0.0955018 0.198934 0.128241 
0.000160394 0.00152704 0.000504754 
0.000426121 0 0 0 0 0 
0 0.000426121 0 0 0 0 
0 0 0.000426121 0 0 0 
0 0 4.23516e-22 1.81387e-06 2.42443e-07 -1.63109e-07 
0 0 1.69407e-21 2.42443e-07 3.40205e-06 5.48363e-07 
-4.23516e-22 -1.69407e-21 0 -1.63109e-07 5.48363e-07 2.00163e-06 
0.101351 0.185635 0.161081 
0.000171037 0.0014802 0.00065404 
0.000426121 0 0 0 0 0 
0 0.000426121 0 2.11758e-22 0 -8.47033e-22 
0 0 0.000426121 -3.17637e-22 1.69407e-21 0 
0 -1.48231e-21 5.29396e-22 1.85427e-06 2.31993e-07 -6.42006e-08 
1.48231e-21 0 0 2.31993e-07 3.28845e-06 6.81786e-07 
-5.29396e-22 0 0 -6.42006e-08 6.81786e-07 2.0903e-06 
0.0922777 0.215151 0.0596315 
0.000152264 0.00160605 0.000220179 
0.000426121 0 0 0 0 -1.05879e-22 
0 0.000426121 0 -1.58819e-22 0 8.47033e-22 
0 0 0.000426121 0 0 0 
0 -1.58819e-22 0 1.84122e-06 1.38983e-07 2.21672e-07 
1.58819e-22 0 1.69407e-21 1.38983e-07 3.58365e-06 2.2536e-07 
0 -1.69407e-21 0 2.21672e-07 2.2536e-07 1.83058e-06 
0.0982721 0.21826 0.0241284 
0.00015082 0.00161597 0.000113152 
0.000426121 0 0 0 -1.58819e-22 2.11758e-22 
0 0.000426121 0 0 0 -1.69407e-21 
0 0 0.000426121 -2.11758e-22 1.27055e-21 0 
0 1.69407e-21 -2.11758e-22 1.84927e-06 1.41591e-07 4.69343e-07 
-1.69407e-21 0 -1.69407e-21 1.41591e-07 3.69934e-06 8.43447e-08 
2.11758e-22 1.69407e-21 0 4.69343e-07 8.43447e-08 1.88832e-06 
0.132444 0.213147 0.00959909 
0.0003711 0.00147933 2.51771e-05 
0.000426121 0 0 0 0 4.23516e-22 
0 0.000426121 0 4.23516e-22 0 0 
0 0 0.000426121 -4.23516e-22 0 0 
0 -1.27055e-21 8.47033e-22 1.61098e-06 4.48685e-07 6.28324e-08 
1.27055e-21 0 0 4.48685e-07 3.29113e-06 9.73736e-09 
-8.47033e-22 0 0 6.28324e-08 9.73736e-09 1.90559e-06 
0.141323 0.21066 -0.023593 
0.000421246 0.00162707 -4.59947e-05 
0.000426121 0 0 0 -1.27055e-21 0 
0 0.000426121 0 1.69407e-21 0 1.69407e-21 
0 0 0.000426121 1.05879e-22 -1.27055e-21 0 
0 1.69407e-21 -3.17637e-22 1.91163e-06 4.80963e-07 1.84634e-07 
-1.69407e-21 0 -1.27055e-21 4.80963e-07 3.6219e-06 -9.82422e-08 
3.17637e-22 1.27055e-21 0 1.84634e-07 -9.82422e-08 1.96486e-06 
0.172903 0.197294 -0.0354515 
0.000769029 0.00135781 -0.000148722 
0.000426121 0 0 0 1.69407e-21 8.47033e-22 
0 0.000426121 0 -1.27055e-21 0 0 
0 0 0.000426121 -8.47033e-22 0 0 
0 -1.27055e-21 -8.47033e-22 2.20972e-06 7.30698e-07 6.16024e-08 
1.27055e-21 0 0 7.30698e-07 3.04902e-06 -2.28848e-07 
8.47033e-22 0 0 6.16024e-08 -2.28848e-07 1.71713e-06 
0.18094 0.18815 -0.0687486 
0.000746685 0.00129043 -0.000212603 
0.000426121 0 0 0 4.23516e-22 0 
0 0.000426121 0 0 0 -1.69407e-21 
0 0 0.000426121 3.17637e-22 8.47033e-22 0 
0 0 3.17637e-22 2.06417e-06 8.03155e-07 1.64437e-07 
0 0 -8.47033e-22 8.03155e-07 2.88311e-06 -3.49184e-07 
-3.17637e-22 8.47033e-22 0 1.64437e-07 -3.49184e-07 1.86346e-06 
0.207302 0.16355 -0.0817422 
0.0011885 0.00105023 -0.000292601 
0.000426121 0 0 0 0 3.17637e-22 
0 0.000426121 0 0 0 0 
0 0 0.000426121 0 0 0 
0 0 0 3.04513e-06 9.79822e-07 2.25336e-07 
0 0 8.47033e-22 9.79822e-07 2.54126e-06 -7.37246e-07 
0 -8.47033e-22 0 2.25336e-07 -7.37246e-07 2.12458e-06 
0.224455 0.151055 -0.0624157 
0.00110011 0.00107393 -0.000365268 
0.000426121 0 0 0 -6.35275e-22 0 
0 0.000426121 0 0 0 0 
0 0 0.000426121 6.35275e-22 0 0 
0 -1.69407e-21 6.35275e-22 2.97039e-06 9.187e-07 2.04016e-07 
1.69407e-21 0 -8.47033e-22 9.187e-07 2.58426e-06 -8.05964e-07 
-6.35275e-22 8.47033e-22 0 2.04016e-07 -8.05964e-07 2.04432e-06 
0.24739 0.118878 -0.0749435 
0.00140154 0.00101595 -0.000422719 
0.000426121 0 0 0 0 -1.05879e-21 
0 0.000426121 0 0 0 0 
0 0 0.000426121 1.69407e-21 0 0 
0 0 -1.69407e-21 3.39199e-06 1.12944e-06 1.66735e-08 
0 0 -8.47033e-22 1.12944e-06 2.36878e-06 -6.70047e-07 
1.69407e-21 8.47033e-22 0 1.66735e-08 -6.70047e-07 2.65057e-06 
0.261547 0.105908 -0.0528332 
0.00128917 0.000814454 -0.000226385 
0.000426121 0 0 0 8.47033e-22 0 
0 0.000426121 0 0 0 0 
0 0 0.000426121 -4.23516e-22 -1.05879e-22 0 
0 3.38813e-21 1.27055e-21 3.25283e-06 9.53618e-07 2.20412e-07 
-3.38813e-21 0 7.41154e-22 9.53618e-07 2.09208e-06 -7.73693e-07 
-1.27055e-21 -7.41154e-22 0 2.20412e-07 -7.73693e-07 2.28826e-06 
0.28105 0.0734852 -0.0498186 
0.00137569 0.00074739 -0.000216441 
0.000426121 0 0 0 0 -4.23516e-22 
0 0.000426121 0 4.23516e-22 0 7.41154e-22 
0 0 0.000426121 0 -8.47033e-22 0 
0 -1.27055e-21 0 3.17815e-06 8.40541e-07 -5.05438e-07 
1.27055e-21 0 8.47033e-22 8.40541e-07 2.28954e-06 4.22573e-07 
0 -8.47033e-22 0 -5.05438e-07 4.22573e-07 1.96095e-06 
0.285469 0.0703873 -0.0149817 
0.00134326 0.000717853 1.88713e-06 
0.000426121 0 0 0 -1.69407e-21 -8.47033e-22 
0 0.000426121 0 1.69407e-21 0 -4.23516e-22 
0 0 0.000426121 8.47033e-22 4.23516e-22 0 
0 1.69407e-21 0 3.04971e-06 6.97406e-07 1.38741e-07 
-1.69407e-21 0 -4.23516e-22 6.97406e-07 2.11828e-06 -2.55026e-07 
0 4.23516e-22 0 1.38741e-07 -2.55026e-07 1.67723e-06 
0.298613 0.0453323 0.00199221 
0.00147169 0.00076867 1.2489e-05 
0.000426121 0 0 0 0 8.47033e-22 
0 0.000426121 0 -2.44845e-22 0 4.23516e-22 
0 0 0.000426121 -1.69407e-21 -8.47033e-22 0 
0 -1.93891e-21 0 3.29339e-06 7.57523e-07 8.493e-08 
1.93891e-21 0 8.47033e-22 7.57523e-07 2.24158e-06 -1.32626e-07 
0 -8.47033e-22 0 8.493e-08 -1.32626e-07 1.84457e-06 
0.295509 0.0472523 0.0366598 
0.00137688 0.000719622 0.000160119 
0.000426121 0 0 0 0 -8.47033e-22 
0 0.000426121 0 0 0 -6.35275e-22 
0 0 0.000426121 8.47033e-22 8.47033e-22 0 
0 -1.69407e-21 0 3.05551e-06 7.58673e-07 2.15151e-07 
1.69407e-21 0 0 7.58673e-07 2.03706e-06 -5.21961e-08 
0 0 0 2.15151e-07 -5.21961e-08 1.86152e-06 
0.306794 0.0218084 0.0563389 
0.00139904 0.000751899 0.000150675 
0.000426121 0 0 0 0 -8.47033e-22 
0 0.000426121 0 -2.11758e-22 0 0 
0 0 0.000426121 0 0 0 
0 -2.11758e-22 0 3.1785e-06 6.59069e-07 1.66243e-07 
2.11758e-22 0 0 6.59069e-07 2.30852e-06 7.87183e-08 
0 0 0 1.66243e-07 7.87183e-08 1.6142e-06 
0.30129 0.0224865 0.0922732 
0.00134329 0.000738459 0.000241237 
0.000426121 0 0 0 0 8.47033e-22 
0 0.000426121 0 0 0 0 
0 0 0.000426121 -8.47033e-22 0 0 
0 -1.69407e-21 -8.47033e-22 3.08525e-06 6.30212e-07 1.83403e-07 
1.69407e-21 0 0 6.30212e-07 2.22977e-06 2.70856e-07 
8.47033e-22 0 0 1.83403e-07 2.70856e-07 1.61426e-06 
0.287674 0.0209816 0.163107 
0.00130512 0.000845147 0.00029923 
0.000426121 0 0 0 -1.69407e-21 8.47033e-22 
0 0.000426121 0 8.47033e-22 0 8.47033e-22 
0 0 0.000426121 0 -8.47033e-22 0 
0 -8.47033e-22 0 3.08619e-06 6.68102e-07 1.84055e-07 
8.47033e-22 0 -8.47033e-22 6.68102e-07 2.38988e-06 3.93805e-07 
0 8.47033e-22 0 1.84055e-07 3.93805e-07 1.64599e-06 
0.255276 0.0526314 0.203207 
0.00121311 0.000921572 0.00035446 
0.000426121 0 0 0 8.47033e-22 0 
0 0.000426121 0 -8.47033e-22 0 0 
0 0 0.000426121 0 0 0 
0 0 0 2.73493e-06 8.48167e-07 3.1281e-07 
0 0 0 8.48167e-07 2.28357e-06 1.8357e-07 
0 0 0 3.1281e-07 1.8357e-07 1.92282e-06 
0.276932 0.0245687 0.196875 
0.00128384 0.000847539 0.000344589 
0.000426121 0 0 0 -8.47033e-22 0 
0 0.000426121 0 1.69407e-21 0 -8.47033e-22 
0 0 0.000426121 4.23516e-22 6.35275e-22 0 
0 1.69407e-21 8.47033e-22 2.86624e-06 8.18709e-07 4.14025e-07 
-1.69407e-21 0 4.23516e-22 8.18709e-07 2.26583e-06 2.91448e-08 
-8.47033e-22 -4.23516e-22 0 4.14025e-07 2.91448e-08 1.90362e-06 
0.311474 -0.00327389 0.116398 
0.00140163 0.000796562 0.000239163 
0.000426121 0 0 0 0 0 
0 0.000426121 0 -8.47033e-22 0 0 
0 0 0.000426121 0 0 0 
0 2.5411e-21 -1.69407e-21 3.33949e-06 6.16726e-07 1.31649e-07 
-2.5411e-21 0 0 6.16726e-07 2.50464e-06 4.08375e-07 
1.69407e-21 0 0 1.31649e-07 4.08375e-07 1.58076e-06 
0.305005 -0.00381141 0.15302 
0.00134223 0.000774428 0.000268535 
0.000426121 0 0 0 1.69407e-21 -8.47033e-22 
0 0.000426121 0 -1.69407e-21 0 3.17637e-22 
0 0 0.000426121 8.47033e-22 0 0 
0 1.69407e-21 8.47033e-22 3.14372e-06 6.24185e-07 1.80316e-07 
-1.69407e-21 0 0 6.24185e-07 2.33353e-06 3.59249e-07 
-8.47033e-22 0 0 1.80316e-07 3.59249e-07 1.60261e-06 
0.239685 0.0602785 0.232237 
0.00113171 0.000901386 0.000424636 
0.000426121 0 0 0 -8.47033e-22 0 
0 0.000426121 0 1.69407e-21 0 0 
0 0 0.000426121 4.23516e-22 0 0 
0 -1.69407e-21 4.23516e-22 2.53064e-06 9.01393e-07 3.61131e-07 
1.69407e-21 0 8.47033e-22 9.01393e-07 2.1731e-06 1.68274e-07 
-4.23516e-22 -8.47033e-22 0 3.61131e-07 1.68274e-07 2.06443e-06 
0.21587 0.0880642 0.229823 
0.00100044 0.000999601 0.000421323 
0.000426121 0 0 0 8.47033e-22 0 
0 0.000426121 0 -1.69407e-21 0 0 
0 0 0.000426121 0 0 0 
0 1.69407e-21 0 2.54101e-06 8.86544e-07 -2.07366e-08 
-1.69407e-21 0 0 8.86544e-07 2.27389e-06 6.09501e-07 
0 0 0 -2.07366e-08 6.09501e-07 2.02125e-06 
0.197752 0.0941449 0.252935 
0.000974697 0.00110565 0.000573122 
0.000426121 0 0 0 0 0 
0 0.000426121 0 0 0 8.47033e-22 
0 0 0.000426121 0 -4.23516e-22 0 
0 0 0 2.61547e-06 8.16612e-07 1.00899e-07 
0 0 -4.23516e-22 8.16612e-07 2.51611e-06 7.04374e-07 
0 4.23516e-22 0 1.00899e-07 7.04374e-07 2.07067e-06 
0.171646 0.117664 0.244068 
0.000747903 0.00123267 0.000557409 
0.000426121 0 0 0 8.47033e-22 -8.47033e-22 
0 0.000426121 0 0 0 0 
0 0 0.000426121 0 8.47033e-22 0 
0 0 0 2.42059e-06 7.27455e-07 -6.93096e-08 
0 0 0 7.27455e-07 2.77474e-06 7.77966e-07 
0 0 0 -6.93096e-08 7.77966e-07 1.94048e-06 
0.150954 0.11915 0.266097 
0.000687628 0.00125306 0.0006233 
0.000426121 0 0 0 0 0 
0 0.000426121 0 0 0 -8.47033e-22 
0 0 0.000426121 -8.47033e-22 4.23516e-22 0 
0 1.69407e-21 0 2.39055e-06 6.8503e-07 -5.15068e-08 
-1.69407e-21 0 8.47033e-22 6.8503e-07 2.8054e-06 8.26008e-07 
0 -8.47033e-22 0 -5.15068e-08 8.26008e-07 1.98843e-06 
0.121331 0.135964 0.255466 
0.000385299 0.00140849 0.000596627 
0.000426121 0 0 0 0 0 
0 0.000426121 0 -4.23516e-22 0 1.27055e-21 
0 0 0.000426121 0 -1.69407e-21 0 
0 -1.69407e-21 0 2.00297e-06 4.56986e-07 -8.45601e-08 
1.69407e-21 0 3.38813e-21 4.56986e-07 3.12357e-06 6.94082e-07 
0 -3.38813e-21 0 -8.45601e-08 6.94082e-07 1.95863e-06 
0.113473 0.152917 0.223984 
0.000386151 0.00131617 0.000678032 
0.000426121 0 0 0 0 0 
0 0.000426121 0 0 0 0 
0 0 0.000426121 0 4.23516e-22 0 
0 0 0 1.90925e-06 4.46851e-07 -6.41833e-09 
0 0 -1.27055e-21 4.46851e-07 2.91625e-06 7.25398e-07 
0 1.27055e-21 0 -6.41833e-09 7.25398e-07 2.01658e-06 
0.0812035 0.164446 0.212756 
0.000140636 0.00146263 0.000661324 
0.000426121 0 0 0 0 0 
0 0.000426121 0 0 0 -1.27055e-21 
0 0 0.000426121 -1.05879e-22 1.69407e-21 0 
0 0 -9.52912e-22 1.87604e-06 2.69999e-07 -2.25156e-07 
0 0 -1.69407e-21 2.69999e-07 3.27717e-06 7.12498e-07 
9.52912e-22 1.69407e-21 0 -2.25156e-07 7.12498e-07 2.09736e-06 
0.0742593 0.179885 0.180274 
0.000140694 0.00145517 0.000665365 
0.000426121 0 0 0 0 0 
0 0.000426121 0 0 0 1.69407e-21 
0 0 0.000426121 0 -1.69407e-21 0 
0 0 -8.47033e-22 1.88824e-06 1.99317e-07 -7.93534e-08 
0 0 0 1.99317e-07 3.22911e-06 7.13146e-07 
8.47033e-22 0 0 -7.93534e-08 7.13146e-07 2.03157e-06 
0.0626108 0.205819 0.112853 
2.98535e-05 0.00153163 0.000457108 
0.000426121 0 0 0 -1.69407e-21 -4.23516e-22 
0 0.000426121 0 9.52912e-22 0 0 
0 0 0.000426121 2.91168e-22 0 0 
0 -7.41154e-22 -1.05879e-22 1.90758e-06 1.19452e-07 -2.89679e-07 
7.41154e-22 0 0 1.19452e-07 3.44089e-06 5.27294e-07 
1.05879e-22 0 0 -2.89679e-07 5.27294e-07 1.8527e-06 
0.0608839 0.214118 0.0778253 
2.70642e-05 0.00154031 0.000267915 
0.000426121 0 0 0 1.69407e-21 0 
0 0.000426121 0 -1.69407e-21 0 0 
0 0 0.000426121 0 0 0 
0 0 0 1.83538e-06 -3.37469e-10 1.68393e-07 
0 0 0 -3.37469e-10 3.42975e-06 3.06994e-07 
0 0 0 1.68393e-07 3.06994e-07 1.70115e-06 
0.0420206 0.187587 0.16657 
1.32907e-05 0.00149146 0.000628394 
0.000426121 0 0 0 0 0 
0 0.000426121 0 -4.23516e-22 0 0 
0 0 0.000426121 0 0 0 
0 1.27055e-21 0 1.86293e-06 7.22869e-08 -1.34855e-07 
-1.27055e-21 0 0 7.22869e-08 3.31698e-06 6.67365e-07 
0 0 0 -1.34855e-07 6.67365e-07 2.0177e-06 
0.0362218 0.200222 0.131989 
5.99269e-07 0.0016292 0.000509447 
0.000426121 0 0 0 1.69407e-21 0 
0 0.000426121 0 -1.69407e-21 0 0 
0 0 0.000426121 0 8.47033e-22 0 
0 0 0 2.07064e-06 5.59243e-08 -1.76796e-07 
0 0 8.47033e-22 5.59243e-08 3.62753e-06 5.89867e-07 
0 -8.47033e-22 0 -1.76796e-07 5.89867e-07 1.92583e-06 
0.0312471 0.217581 0.060005 
1.76999e-05 0.00172097 0.000291461 
0.000426121 0 0 0 0 -2.11758e-22 
0 0.000426121 0 2.11758e-22 0 8.47033e-22 
0 0 0.000426121 2.11758e-22 -1.69407e-21 0 
0 2.38228e-22 0 1.90417e-06 1.73308e-08 1.67787e-08 
-2.38228e-22 0 -1.69407e-21 1.73308e-08 3.8123e-06 3.13299e-07 
0 1.69407e-21 0 1.67787e-08 3.13299e-07 2.01461e-06 
0.0368393 0.222262 0.0244908 
1.9567e-05 0.00169463 0.000164545 
0.000426121 0 0 0 2.11758e-22 0 
0 0.000426121 0 0 0 0 
0 0 0.000426121 0 0 0 
0 -1.69407e-21 0 1.79438e-06 -2.23793e-08 4.81331e-07 
1.69407e-21 0 0 -2.23793e-08 3.88788e-06 1.67122e-07 
0 0 0 4.81331e-07 1.67122e-07 2.12544e-06 
0.0724705 0.221907 0.00680793 
0.000151127 0.00159627 0.000113474 
0.000426121 0 0 0 0 -1.25731e-22 
0 0.000426121 0 4.49986e-22 0 0 
0 0 0.000426121 2.11758e-22 0 0 
0 -1.27055e-21 0 1.86487e-06 1.37984e-07 4.76006e-07 
1.27055e-21 0 0 1.37984e-07 3.66055e-06 8.61378e-08 
0 0 0 4.76006e-07 8.61378e-08 1.83405e-06 
0.0824919 0.222472 -0.0295002 
0.00015371 0.00163824 2.09486e-05 
0.000426121 0 0 0 -1.24408e-21 0 
0 0.000426121 0 1.69407e-21 0 1.69407e-21 
0 0 0.000426121 -5.29396e-23 -1.27055e-21 0 
0 1.69407e-21 1.58819e-22 1.96296e-06 1.6916e-07 6.2194e-07 
-1.69407e-21 0 4.23516e-22 1.6916e-07 3.83518e-06 -3.34509e-08 
-1.58819e-22 -4.23516e-22 0 6.2194e-07 -3.34509e-08 1.90311e-06 
0.117173 0.216337 -0.0453718 
0.000395638 0.00151726 -4.02109e-05 
0.000426121 0 0 0 1.69407e-21 0 
0 0.000426121 0 -1.27055e-21 0 -1.69407e-21 
0 0 0.000426121 0 1.69407e-21 0 
0 -1.27055e-21 0 1.80027e-06 4.59567e-07 2.91234e-07 
1.27055e-21 0 1.69407e-21 4.59567e-07 3.41007e-06 -1.20393e-07 
0 -1.69407e-21 0 2.91234e-07 -1.20393e-07 1.85585e-06 
0.157783 0.197956 -0.090484 
0.000848733 0.00146822 -0.000242661 
0.000426121 0 0 0 0 0 
0 0.000426121 0 0 0 1.69407e-21 
0 0 0.000426121 0 -1.69407e-21 0 
0 0 0 2.16277e-06 9.80986e-07 -1.05273e-08 
0 0 1.69407e-21 9.80986e-07 3.25426e-06 -2.50792e-07 
0 -1.69407e-21 0 -1.05273e-08 -2.50792e-07 2.30854e-06 
0.125595 0.212776 -0.0789658 
0.000389391 0.00147143 -7.9791e-05 
0.000426121 0 0 0 4.23516e-22 0 
0 0.000426121 0 0 0 0 
0 0 0.000426121 1.58819e-22 -8.47033e-22 0 
0 0 1.05879e-22 1.75203e-06 4.36376e-07 8.38828e-08 
0 0 -1.69407e-21 4.36376e-07 3.26233e-06 -1.10618e-07 
-1.05879e-22 1.69407e-21 0 8.38828e-08 -1.10618e-07 1.75326e-06 
0.162316 0.190834 -0.119552 
0.000663247 0.00115636 -0.000164589 
0.000426121 0 0 0 0 0 
0 0.000426121 0 0 0 1.69407e-21 
0 0 0.000426121 -2.11758e-22 -8.47033e-22 0 
0 0 4.23516e-22 1.55379e-06 9.09399e-07 -2.33045e-07 
0 0 0 9.09399e-07 2.6737e-06 -1.29871e-08 
-4.23516e-22 0 0 -2.33045e-07 -1.29871e-08 2.1668e-06 
0.185133 0.167224 -0.133518 
0.00109276 0.000908905 -0.000457914 
0.000426121 0 0 0 0 -2.11758e-22 
0 0.000426121 0 0 0 -8.47033e-22 
0 0 0.000426121 0 8.47033e-22 0 
0 -1.69407e-21 0 2.79457e-06 7.33753e-07 -9.51694e-08 
1.69407e-21 0 -8.47033e-22 7.33753e-07 2.22141e-06 -6.77176e-07 
0 8.47033e-22 0 -9.51694e-08 -6.77176e-07 1.87352e-06 
0.206962 0.149746 -0.117444 
0.00124573 0.00108063 -0.0005545 
0.000426121 0 0 0 5.29396e-22 0 
0 0.000426121 0 0 0 0 
0 0 0.000426121 0 0 0 
0 0 -1.69407e-21 3.06496e-06 7.34558e-07 -4.16394e-07 
0 0 0 7.34558e-07 2.77339e-06 -5.21013e-07 
1.69407e-21 0 0 -4.16394e-07 -5.21013e-07 1.93668e-06 
0.223934 0.121525 -0.130377 
0.00126421 0.000946942 -0.000576154 
0.000426121 0 0 0 0 0 
0 0.000426121 0 0 0 8.47033e-22 
0 0 0.000426121 0 -4.23516e-22 0 
0 0 0 2.88108e-06 7.89442e-07 -5.82066e-07 
0 0 -4.23516e-22 7.89442e-07 2.53515e-06 -2.44212e-07 
0 4.23516e-22 0 -5.82066e-07 -2.44212e-07 2.05912e-06 
0.247209 0.103152 -0.107203 
0.00131504 0.000918353 -0.000535474 
0.000426121 0 0 0 0 1.69407e-21 
0 0.000426121 0 0 0 0 
0 0 0.000426121 -1.27055e-21 8.47033e-22 0 
0 0 4.23516e-22 2.94424e-06 8.71058e-07 -5.19157e-07 
0 0 0 8.71058e-07 2.40956e-06 -1.83612e-07 
-4.23516e-22 0 0 -5.19157e-07 -1.83612e-07 2.17407e-06 
0.263472 0.073068 -0.118304 
0.00132167 0.000904409 -0.000541357 
0.000426121 0 0 0 0 -1.27055e-21 
0 0.000426121 0 0 0 8.47033e-22 
0 0 0.000426121 1.69407e-21 -4.23516e-22 0 
0 0 0 2.99787e-06 7.97937e-07 -4.89772e-07 
0 0 4.23516e-22 7.97937e-07 2.41065e-06 -2.80302e-07 
0 -4.23516e-22 0 -4.89772e-07 -2.80302e-07 2.08049e-06 
0.284263 0.0500574 -0.100212 
0.00135359 0.000763432 -0.000411598 
0.000426121 0 0 0 -1.69407e-21 1.69407e-21 
0 0.000426121 0 8.99973e-22 0 4.23516e-22 
0 0 0.000426121 -1.69407e-21 -8.47033e-22 0 
0 8.99973e-22 -1.69407e-21 3.09849e-06 9.01893e-07 -2.20813e-07 
-8.99973e-22 0 -8.47033e-22 9.01893e-07 1.90108e-06 -3.22993e-07 
1.69407e-21 8.47033e-22 0 -2.20813e-07 -3.22993e-07 2.34904e-06 
0.29138 0.049913 -0.0679655 
0.00153004 0.00086013 -0.000217629 
0.000426121 0 0 0 1.69407e-21 0 
0 0.000426121 0 -1.69407e-21 0 -8.47033e-22 
0 0 0.000426121 0 7.41154e-22 0 
0 -1.69407e-21 0 3.45542e-06 1.04798e-06 -4.27449e-07 
1.69407e-21 0 -1.05879e-22 1.04798e-06 2.32623e-06 3.36232e-07 
0 1.05879e-22 0 -4.27449e-07 3.36232e-07 2.42906e-06 
0.311234 0.0168556 -0.0495388 
0.00154953 0.000766627 -0.000182016 
0.000426121 0 0 0 0 0 
0 0.000426121 0 -8.47033e-22 0 7.41154e-22 
0 0 0.000426121 0 -8.47033e-22 0 
0 -8.47033e-22 1.69407e-21 3.56466e-06 9.01405e-07 -4.54469e-07 
8.47033e-22 0 8.47033e-22 9.01405e-07 2.35552e-06 4.77889e-07 
-1.69407e-21 -8.47033e-22 0 -4.54469e-07 4.77889e-07 2.20784e-06 
0.314048 0.0153727 -0.014418 
0.0015225 0.000766783 5.64266e-07 
0.000426121 0 0 0 1.69407e-21 1.69407e-21 
0 0.000426121 0 0 0 -4.23516e-22 
0 0 0.000426121 -1.69407e-21 4.23516e-22 0 
0 -1.69407e-21 -1.69407e-21 3.37433e-06 8.37326e-07 3.56728e-08 
1.69407e-21 0 -4.23516e-22 8.37326e-07 2.13354e-06 -6.95712e-08 
1.69407e-21 4.23516e-22 0 3.56728e-08 -6.95712e-08 2.08424e-06 
0.326615 -0.0100869 0.00671036 
0.0014769 0.000725481 1.35798e-05 
0.000426121 0 0 0 0 -1.69407e-21 
0 0.000426121 0 4.23516e-22 0 0 
0 0 0.000426121 1.69407e-21 0 0 
0 2.5411e-21 1.69407e-21 3.31424e-06 6.84998e-07 4.48327e-08 
-2.5411e-21 0 8.47033e-22 6.84998e-07 2.25768e-06 -5.53148e-08 
-1.69407e-21 -8.47033e-22 0 4.48327e-08 -5.53148e-08 1.73035e-06 
0.322465 -0.00557127 0.0427996 
0.00145639 0.000738378 0.000140608 
0.000426121 0 0 0 0 8.47033e-22 
0 0.000426121 0 0 0 -4.23516e-22 
0 0 0.000426121 -8.47033e-22 8.47033e-22 0 
0 0 -8.47033e-22 3.27479e-06 6.83289e-07 1.47898e-07 
0 0 -8.47033e-22 6.83289e-07 2.27393e-06 7.26171e-08 
8.47033e-22 8.47033e-22 0 1.47898e-07 7.26171e-08 1.72226e-06 
0.332135 -0.0289505 0.0661518 
0.00137311 0.000701434 0.000129202 
0.000426121 0 0 0 1.69407e-21 -1.69407e-21 
0 0.000426121 0 -8.47033e-22 0 0 
0 0 0.000426121 1.69407e-21 0 0 
0 2.5411e-21 1.69407e-21 3.1496e-06 5.93499e-07 1.81663e-07 
-2.5411e-21 0 0 5.93499e-07 2.30618e-06 1.01791e-08 
-1.69407e-21 0 0 1.81663e-07 1.01791e-08 1.48397e-06 
0.326648 -0.0273312 0.103816 
0.00139834 0.000733064 0.000212896 
0.000426121 0 0 0 -1.69407e-21 1.69407e-21 
0 0.000426121 0 1.69407e-21 0 3.17637e-22 
0 0 0.000426121 -1.69407e-21 0 0 
0 -3.38813e-21 -8.47033e-22 3.35214e-06 5.42142e-07 1.56608e-07 
3.38813e-21 0 0 5.42142e-07 2.52575e-06 3.45328e-07 
8.47033e-22 0 0 1.56608e-07 3.45328e-07 1.4425e-06 
0.315414 -0.029764 0.179272 
0.00143785 0.000877158 0.000261956 
0.000426121 0 0 0 0 8.47033e-22 
0 0.000426121 0 0 0 0 
0 0 0.000426121 -1.69407e-21 0 0 
0 1.69407e-21 0 3.42177e-06 7.20599e-07 7.72296e-08 
-1.69407e-21 0 8.47033e-22 7.20599e-07 2.54547e-06 4.98105e-07 
0 -8.47033e-22 0 7.72296e-08 4.98105e-07 1.78364e-06 
0.30638 -0.0253484 0.213842 
0.00141032 0.000861474 0.000260211 
0.000426121 0 0 0 0 -1.69407e-21 
0 0.000426121 0 0 0 -8.47033e-22 
0 0 0.000426121 1.27055e-21 5.29396e-22 0 
0 0 1.27055e-21 3.12903e-06 8.95863e-07 3.0962e-07 
0 0 -1.16467e-21 8.95863e-07 2.26807e-06 -4.34668e-09 
-1.27055e-21 1.16467e-21 0 3.0962e-07 -4.34668e-09 2.06966e-06 
0.285229 0.00419136 0.221358 
0.00127124 0.000925017 0.000264768 
0.000426121 0 0 0 0 1.69407e-21 
0 0.000426121 0 -8.47033e-22 0 8.47033e-22 
0 0 0.000426121 -1.69407e-21 -8.47033e-22 0 
0 -8.47033e-22 0 2.85711e-06 8.58786e-07 3.39204e-07 
8.47033e-22 0 -8.47033e-22 8.58786e-07 2.36877e-06 1.27644e-08 
0 8.47033e-22 0 3.39204e-07 1.27644e-08 1.87942e-06 
0.271462 0.0133118 0.253756 
0.00128069 0.000941763 0.000294161 
0.000426121 0 0 0 -8.47033e-22 -1.69407e-21 
0 0.000426121 0 0 0 -8.47033e-22 
0 0 0.000426121 2.11758e-21 1.05879e-21 0 
0 0 4.23516e-22 2.8666e-06 9.28162e-07 4.30829e-07 
0 0 -6.35275e-22 9.28162e-07 2.41001e-06 -7.72053e-08 
-4.23516e-22 6.35275e-22 0 4.30829e-07 -7.72053e-08 2.01956e-06 
0.247573 0.0413363 0.258303 
0.00116657 0.00104842 0.000296826 
0.000426121 0 0 0 0 0 
0 0.000426121 0 0 0 0 
0 0 0.000426121 0 0 0 
0 8.47033e-22 0 2.64565e-06 9.39626e-07 2.40015e-07 
-8.47033e-22 0 0 9.39626e-07 2.45692e-06 1.72163e-07 
0 0 0 2.40015e-07 1.72163e-07 1.99979e-06 
0.336626 -0.0528925 0.127225 
0.00138752 0.000738618 0.000206541 
0.000426121 0 0 0 0 0 
0 0.000426121 0 0 0 0 
0 0 0.000426121 0 0 0 
0 0 0 3.21848e-06 6.04557e-07 1.57537e-07 
0 0 0 6.04557e-07 2.35377e-06 2.657e-07 
0 0 0 1.57537e-07 2.657e-07 1.55525e-06 
0.331861 -0.0547878 0.166059 
0.0015132 0.000805462 0.000224769 
0.000426121 0 0 0 0 0 
0 0.000426121 0 0 0 -2.11758e-22 
0 0 0.000426121 0 0 0 
0 -1.69407e-21 0 3.58643e-06 6.0475e-07 2.15246e-07 
1.69407e-21 0 0 6.0475e-07 2.73184e-06 2.59207e-07 
0 0 0 2.15246e-07 2.59207e-07 1.56234e-06 
0.23177 0.0498259 0.287065 
0.00110628 0.00102761 0.000339224 
0.000426121 0 0 0 0 1.69407e-21 
0 0.000426121 0 0 0 0 
0 0 0.000426121 -8.47033e-22 0 0 
0 0 0 2.534e-06 9.05711e-07 2.23662e-07 
0 0 0 9.05711e-07 2.38732e-06 2.46931e-07 
0 0 0 2.23662e-07 2.46931e-07 1.96645e-06 
0.205765 0.0748488 0.284111 
0.000927687 0.00116694 0.000344565 
0.000426121 0 0 0 4.23516e-22 0 
0 0.000426121 0 0 0 0 
0 0 0.000426121 0 0 0 
0 0 0 2.41121e-06 8.89598e-07 -9.33052e-08 
0 0 0 8.89598e-07 2.63157e-06 5.31022e-07 
0 0 0 -9.33052e-08 5.31022e-07 1.94837e-06 
0.18832 0.0810617 0.308739 
0.000943794 0.00121489 0.000380158 
0.000426121 0 0 0 0 0 
0 0.000426121 0 1.69407e-21 0 0 
0 0 0.000426121 0 4.23516e-22 0 
0 1.69407e-21 0 2.46449e-06 8.88835e-07 -4.20937e-08 
-1.69407e-21 0 2.11758e-22 8.88835e-07 2.73364e-06 5.35389e-07 
0 -2.11758e-22 0 -4.20937e-08 5.35389e-07 1.98522e-06 
0.159616 0.101844 0.299592 
0.00066804 0.00133964 0.000365701 
0.000426121 0 0 0 4.23516e-22 0 
0 0.000426121 0 0 0 0 
0 0 0.000426121 0 0 0 
0 0 0 2.26932e-06 7.29103e-07 -2.78111e-07 
0 0 0 7.29103e-07 3.04817e-06 6.13226e-07 
0 0 0 -2.78111e-07 6.13226e-07 1.84083e-06 
0.139958 0.105296 0.322173 
0.000679769 0.00138896 0.000390572 
0.000426121 0 0 0 0 -8.47033e-22 
0 0.000426121 0 0 0 0 
0 0 0.000426121 4.23516e-22 -8.47033e-22 0 
0 -1.69407e-21 -4.23516e-22 2.27744e-06 7.43852e-07 -2.31571e-07 
1.69407e-21 0 -8.47033e-22 7.43852e-07 3.13049e-06 6.03643e-07 
4.23516e-22 8.47033e-22 0 -2.31571e-07 6.03643e-07 1.92064e-06 
0.0984091 0.133011 0.277707 
0.000395529 0.00139958 0.00058098 
0.000426121 0 0 0 -1.69407e-21 0 
0 0.000426121 0 1.69407e-21 0 0 
0 0 0.000426121 0 0 0 
0 0 0 2.0108e-06 4.65893e-07 -9.29968e-08 
0 0 -1.69407e-21 4.65893e-07 3.10558e-06 6.8781e-07 
0 1.69407e-21 0 -9.29968e-08 6.8781e-07 1.92914e-06 
0.108374 0.119648 0.310919 
0.000358577 0.00147667 0.000350001 
0.000426121 0 0 0 1.69407e-21 4.23516e-22 
0 0.000426121 0 -1.27055e-21 0 -8.47033e-22 
0 0 0.000426121 -4.23516e-22 0 0 
0 8.47033e-22 -4.23516e-22 1.93755e-06 4.40526e-07 -2.34375e-07 
-8.47033e-22 0 0 4.40526e-07 3.30582e-06 4.64693e-07 
4.23516e-22 0 0 -2.34375e-07 4.64693e-07 1.80249e-06 
0.0568759 0.157749 0.232732 
0.000140098 0.00145986 0.000660322 
0.000426121 0 0 0 0 0 
0 0.000426121 0 0 0 1.69407e-21 
0 0 0.000426121 0 -1.27055e-21 0 
0 0 8.47033e-22 1.9731e-06 2.55932e-07 -2.15443e-07 
0 0 4.23516e-22 2.55932e-07 3.26125e-06 7.48833e-07 
-8.47033e-22 -4.23516e-22 0 -2.15443e-07 7.48833e-07 2.0147e-06 
0.0662231 0.143267 0.266201 
0.000123876 0.00149141 0.000543003 
0.000426121 0 0 0 0 0 
0 0.000426121 0 -4.23516e-22 0 0 
0 0 0.000426121 0 0 0 
0 1.27055e-21 0 1.92618e-06 2.24063e-07 -2.37119e-07 
-1.27055e-21 0 0 2.24063e-07 3.33619e-06 6.30624e-07 
0 0 0 -2.37119e-07 6.30624e-07 1.90643e-06 
0.0156059 0.179186 0.186628 
5.21691e-07 0.00152772 0.000654245 
0.000426121 0 0 0 -1.69407e-21 0 
0 0.000426121 0 1.69407e-21 0 0 
0 0 0.000426121 0 8.47033e-22 0 
0 -1.69407e-21 0 2.03499e-06 3.05667e-08 -7.00473e-08 
1.69407e-21 0 -1.69407e-21 3.05667e-08 3.38599e-06 7.3644e-07 
0 1.69407e-21 0 -7.00473e-08 7.3644e-07 1.98177e-06 
0.0235169 0.164788 0.220308 
1.7095e-07 0.00150091 0.000640365 
0.000426121 0 0 0 0 0 
0 0.000426121 0 8.47033e-22 0 4.23516e-22 
0 0 0.000426121 -1.05879e-22 0 0 
0 -8.47033e-22 -1.05879e-22 1.90266e-06 9.97704e-08 -2.33378e-07 
8.47033e-22 0 1.69407e-21 9.97704e-08 3.35881e-06 6.86778e-07 
1.05879e-22 -1.69407e-21 0 -2.33378e-07 6.86778e-07 2.04221e-06 
0.00428389 0.204961 0.11737 
1.38239e-05 0.00153274 0.000484152 
0.000426121 0 0 0 0 0 
0 0.000426121 0 6.35275e-22 0 -8.47033e-22 
0 0 0.000426121 -1.58819e-22 1.69407e-21 0 
0 6.35275e-22 -2.11758e-22 1.9727e-06 2.85834e-08 -4.46144e-08 
-6.35275e-22 0 0 2.85834e-08 3.40007e-06 5.66884e-07 
2.11758e-22 0 0 -4.46144e-08 5.66884e-07 1.78601e-06 
0.00103604 0.214022 0.0804136 
-1.65114e-05 0.00167584 0.000302745 
0.000426121 0 0 0 -1.69407e-21 4.23516e-22 
0 0.000426121 0 1.69407e-21 0 8.47033e-22 
0 0 0.000426121 -4.23516e-22 -8.47033e-22 0 
0 0 0 2.27962e-06 -4.21926e-08 1.4795e-07 
0 0 1.69407e-21 -4.21926e-08 3.77657e-06 4.00141e-07 
0 -1.69407e-21 0 1.4795e-07 4.00141e-07 1.64235e-06 
-0.0166233 0.184609 0.174302 
1.15704e-05 0.00152299 0.000656174 
0.000426121 0 0 0 1.69407e-21 8.47033e-22 
0 0.000426121 0 -8.47033e-22 0 8.47033e-22 
0 0 0.000426121 -5.29396e-22 0 0 
0 -8.47033e-22 -5.29396e-22 1.98334e-06 1.94029e-08 -1.50623e-08 
8.47033e-22 0 1.69407e-21 1.94029e-08 3.37244e-06 7.2077e-07 
5.29396e-22 -1.69407e-21 0 -1.50623e-08 7.2077e-07 2.01047e-06 
-0.0221465 0.197749 0.139624 
-1.61347e-05 0.00160739 0.000530732 
0.000426121 0 0 0 0 0 
0 0.000426121 0 0 0 1.69407e-21 
0 0 0.000426121 0 -8.47033e-22 0 
0 0 0 2.09709e-06 -3.07752e-08 4.2255e-08 
0 0 -8.47033e-22 -3.07752e-08 3.56653e-06 6.24646e-07 
0 8.47033e-22 0 4.2255e-08 6.24646e-07 1.88255e-06 
-0.0309942 0.216144 0.0690066 
1.77895e-05 0.00177611 0.000335967 
0.000426121 0 0 0 0 0 
0 0.000426121 0 0 0 0 
0 0 0.000426121 0 0 0 
0 0 0 2.00894e-06 -6.02996e-08 4.29286e-07 
0 0 0 -6.02996e-08 4.02793e-06 3.62841e-07 
0 0 0 4.29286e-07 3.62841e-07 2.15505e-06 
-0.0401615 0.220861 0.0380741 
-2.15742e-05 0.00154474 0.000171535 
0.000426121 0 0 0 0 -1.05879e-22 
0 0.000426121 0 0 0 0 
0 0 0.000426121 1.05879e-22 0 0 
0 0 0 1.26028e-06 -4.17041e-08 7.92886e-08 
0 0 0 -4.17041e-08 3.59989e-06 1.39273e-07 
0 0 0 7.92886e-08 1.39273e-07 2.37171e-06 
-0.0209141 0.22378 0.00950397 
7.30056e-07 0.00165702 0.000141524 
0.000426121 0 0 0 0 0 
0 0.000426121 0 0 0 0 
0 0 0.000426121 0 -2.11758e-22 0 
0 0 2.11758e-22 2.07958e-06 1.54367e-08 -1.72257e-07 
0 0 0 1.54367e-08 3.70895e-06 1.76403e-07 
-2.11758e-22 0 0 -1.72257e-07 1.76403e-07 1.65952e-06 
0.0129053 0.224412 0.0022622 
-2.01476e-06 0.00175464 0.000150195 
0.000426121 0 0 0 0 2.11758e-22 
0 0.000426121 0 -4.23516e-22 0 0 
0 0 0.000426121 -1.32349e-22 0 0 
0 -8.47033e-22 -1.58819e-22 2.31845e-06 -3.51365e-08 3.87608e-07 
8.47033e-22 0 0 -3.51365e-08 4.00636e-06 1.97452e-07 
1.58819e-22 0 0 3.87608e-07 1.97452e-07 1.7218e-06 
0.0259579 0.226631 -0.0347559 
1.75588e-05 0.00156844 5.45463e-05 
0.000426121 0 0 0 -2.11758e-21 2.64698e-23 
0 0.000426121 0 1.69407e-21 0 -1.69407e-21 
0 0 0.000426121 0 1.90582e-21 0 
0 1.69407e-21 5.29396e-23 1.8284e-06 8.75453e-09 2.95095e-07 
-1.69407e-21 0 1.90582e-21 8.75453e-09 3.52492e-06 6.02074e-08 
-5.29396e-23 -1.90582e-21 0 2.95095e-07 6.02074e-08 1.7009e-06 
0.0599133 0.225046 -0.0488355 
0.000167629 0.00160137 3.50791e-05 
