3 3961
0.215214 0.152504 0.0997849 
0.00112117 0.00107454 0.000420579 
0.0295917 0 0 0 0 0 
0 0.0295917 0 0 0 6.77626e-20 
0 0 0.0295917 0 -1.0842e-19 0 
0 0 5.42101e-20 0.000181699 5.85976e-05 4.1939e-05 
0 0 0 5.85976e-05 0.000191288 2.97295e-06 
-5.42101e-20 0 0 4.1939e-05 2.97295e-06 0.000134197 
0.199204 0.173587 0.0803926 
0.00108449 0.00129096 0.00033018 
0.0295917 0 0 0 -1.0842e-19 5.42101e-20 
0 0.0295917 0 1.0842e-19 0 0 
0 0 0.0295917 0 1.0842e-19 0 
0 1.0842e-19 0 0.000204004 4.92662e-05 2.85899e-05 
-1.0842e-19 0 1.0842e-19 4.92662e-05 0.000225749 1.64952e-05 
0 -1.0842e-19 0 2.85899e-05 1.64952e-05 0.000112956 
0.208289 0.173906 0.0431665 
0.000974201 0.00113334 0.000193086 
0.0295917 0 0 0 0 0 
0 0.0295917 0 0 0 0 
0 0 0.0295917 5.42101e-20 -2.71051e-20 0 
0 1.0842e-19 5.42101e-20 0.000170766 5.10493e-05 1.38682e-05 
-1.0842e-19 0 -5.42101e-20 5.10493e-05 0.000187416 9.42276e-06 
-5.42101e-20 5.42101e-20 0 1.38682e-05 9.42276e-06 0.000107624 
0.231113 0.152595 0.0295803 
0.00121205 0.00101009 0.000117472 
0.0295917 0 0 0 0 0 
0 0.0295917 0 0 0 2.71051e-20 
0 0 0.0295917 0 0 0 
0 0 0 0.000196581 5.59391e-05 1.32179e-05 
0 0 0 5.59391e-05 0.000177449 -7.94288e-07 
0 0 0 1.32179e-05 -7.94288e-07 0.00011493 
0.245884 0.129695 0.049273 
0.00130805 0.000909124 0.000224139 
0.0295917 0 0 0 0 0 
0 0.0295917 0 6.77626e-21 0 -5.42101e-20 
0 0 0.0295917 0 0 0 
0 6.77626e-21 -1.0842e-19 0.000203188 6.05867e-05 1.98823e-05 
-6.77626e-21 0 0 6.05867e-05 0.000161532 -3.6235e-09 
1.0842e-19 0 0 1.98823e-05 -3.6235e-09 0.000132687 
0.23907 0.129923 0.0822514 
0.00122263 0.000852582 0.000286527 
0.0295917 0 0 0 0 0 
0 0.0295917 0 0 0 4.06576e-20 
0 0 0.0295917 0 -5.42101e-20 0 
0 0 1.0842e-19 0.000188798 5.96309e-05 2.05242e-05 
0 0 -5.42101e-20 5.96309e-05 0.000148084 4.74327e-06 
-1.0842e-19 5.42101e-20 0 2.05242e-05 4.74327e-06 0.000133499 
0.253227 0.102409 0.0989225 
0.00133419 0.000851388 0.000354521 
0.0295917 0 0 0 0 0 
0 0.0295917 0 -3.72694e-20 0 -5.42101e-20 
0 0 0.0295917 0 0 0 
0 -4.06576e-20 0 0.000206051 6.50531e-05 2.07556e-05 
4.06576e-20 0 0 6.50531e-05 0.000147294 9.22563e-06 
0 0 0 2.07556e-05 9.22563e-06 0.000152812 
0.247162 0.0987959 0.128937 
0.0011913 0.00076094 0.000349875 
0.0295917 0 0 0 -3.72694e-20 0 
0 0.0295917 0 0 0 0 
0 0 0.0295917 0 0 0 
0 0 1.0842e-19 0.000188182 6.40138e-05 1.29949e-05 
0 0 -5.42101e-20 6.40138e-05 0.00012504 1.65932e-05 
-1.0842e-19 5.42101e-20 0 1.29949e-05 1.65932e-05 0.000152552 
0.226536 0.118427 0.146356 
0.00101161 0.000838463 0.00045614 
0.0295917 0 0 0 0 -1.0842e-19 
0 0.0295917 0 0 0 5.42101e-20 
0 0 0.0295917 6.09864e-20 -5.42101e-20 0 
0 -1.0842e-19 -4.06576e-20 0.000168235 4.05635e-05 2.99193e-05 
1.0842e-19 0 -5.42101e-20 4.05635e-05 0.000154316 2.22236e-05 
4.06576e-20 5.42101e-20 0 2.99193e-05 2.22236e-05 0.000108142 
0.208745 0.14462 0.133875 
0.00113981 0.00108183 0.000507153 
0.0295917 0 0 0 1.35525e-20 0 
0 0.0295917 0 0 0 0 
0 0 0.0295917 0 5.42101e-20 0 
0 1.0842e-19 0 0.000191869 5.7853e-05 1.87557e-05 
-1.0842e-19 0 5.42101e-20 5.7853e-05 0.000178178 3.41141e-05 
0 -5.42101e-20 0 1.87557e-05 3.41141e-05 0.000140201 
0.185536 0.155017 0.155412 
0.000905738 0.001129 0.000629828 
0.0295917 0 0 0 0 0 
0 0.0295917 0 0 0 0 
0 0 0.0295917 -2.71051e-20 0 0 
0 -1.0842e-19 -1.0842e-19 0.000187521 3.57099e-05 2.72009e-05 
1.0842e-19 0 5.42101e-20 3.57099e-05 0.000193877 5.09508e-05 
1.0842e-19 -5.42101e-20 0 2.72009e-05 5.09508e-05 0.000120499 
0.172484 0.188942 0.0891477 
0.000654108 0.00133204 0.000375458 
0.0295917 0 0 0 1.0842e-19 0 
0 0.0295917 0 -1.0842e-19 0 -5.42101e-20 
0 0 0.0295917 2.71051e-20 0 0 
0 -1.0842e-19 -2.71051e-20 0.000166774 3.87115e-05 -3.31023e-06 
1.0842e-19 0 0 3.87115e-05 0.000213398 4.00903e-05 
2.71051e-20 0 0 -3.31023e-06 4.00903e-05 0.000107243 
0.159974 0.174609 0.14688 
0.000675576 0.00146724 0.000594 
0.0295917 0 0 0 0 2.71051e-20 
0 0.0295917 0 -5.42101e-20 0 -5.42101e-20 
0 0 0.0295917 0 1.0842e-19 0 
0 1.0842e-19 0 0.000148807 4.01121e-05 3.6713e-05 
-1.0842e-19 0 -1.0842e-19 4.01121e-05 0.000237261 3.08119e-05 
0 1.0842e-19 0 3.6713e-05 3.08119e-05 0.00015034 
0.15416 0.188333 0.117839 
0.000588369 0.00132913 0.000474509 
0.0295917 0 0 0 -5.42101e-20 0 
0 0.0295917 0 1.0842e-19 0 0 
0 0 0.0295917 0 -2.71051e-20 0 
0 0 5.42101e-20 0.000114542 4.93531e-05 1.98241e-05 
0 0 -5.42101e-20 4.93531e-05 0.000212472 2.15683e-05 
-5.42101e-20 5.42101e-20 0 1.98241e-05 2.15683e-05 0.000157024 
0.15107 0.203035 0.0629634 
0.000457934 0.0013468 0.000156968 
0.0295917 0 0 0 1.0842e-19 -2.71051e-20 
0 0.0295917 0 -5.42101e-20 0 0 
0 0 0.0295917 0 0 0 
0 -5.42101e-20 0 0.000105408 4.26471e-05 -1.12859e-05 
5.42101e-20 0 0 4.26471e-05 0.000210806 1.42391e-05 
0 0 0 -1.12859e-05 1.42391e-05 0.000137719 
0.15819 0.204052 0.0320997 
0.000534903 0.00156282 0.000167884 
0.0295917 0 0 0 5.42101e-20 0 
0 0.0295917 0 -1.0842e-19 0 0 
0 0 0.0295917 -2.71051e-20 -5.42101e-20 0 
0 0 0 0.000132391 4.27678e-05 -2.51037e-06 
0 0 5.42101e-20 4.27678e-05 0.000240485 1.33546e-05 
0 -5.42101e-20 0 -2.51037e-06 1.33546e-05 0.000140239 
0.18869 0.190278 0.0210578 
0.000842713 0.00133424 2.34529e-05 
0.0295917 0 0 0 -1.0842e-19 0 
0 0.0295917 0 5.42101e-20 0 0 
0 0 0.0295917 0 0 0 
0 -1.6263e-19 0 0.000158207 5.33777e-05 1.58145e-06 
1.6263e-19 0 0 5.33777e-05 0.000209028 1.1891e-06 
0 0 0 1.58145e-06 1.1891e-06 0.00011829 
0.194523 0.186007 -0.0133013 
0.000842224 0.00130766 -6.57936e-05 
0.0295917 0 0 0 5.42101e-20 0 
0 0.0295917 0 0 0 1.0842e-19 
0 0 0.0295917 -2.71051e-20 -5.42101e-20 0 
0 1.0842e-19 -2.71051e-20 0.000153852 5.64399e-05 8.12826e-06 
-1.0842e-19 0 5.42101e-20 5.64399e-05 0.000203936 -1.1119e-05 
2.71051e-20 -5.42101e-20 0 8.12826e-06 -1.1119e-05 0.000123906 
0.236704 0.147328 -0.00649878 
0.00125405 0.00102086 -3.18123e-05 
0.0295917 0 0 0 -1.35525e-20 0 
0 0.0295917 0 0 0 0 
0 0 0.0295917 0 0 0 
0 0 2.71051e-20 0.000205274 5.77881e-05 9.96383e-06 
0 0 0 5.77881e-05 0.000180564 -1.64085e-05 
-2.71051e-20 0 0 9.96383e-06 -1.64085e-05 0.000118289 
0.219713 0.164369 -0.0272718 
0.00108988 0.00108566 -0.000157341 
0.0295917 0 0 0 0 2.71051e-20 
0 0.0295917 0 0 0 5.42101e-20 
0 0 0.0295917 0 -5.42101e-20 0 
0 -1.0842e-19 0 0.000187084 5.707e-05 7.65688e-06 
1.0842e-19 0 5.42101e-20 5.707e-05 0.000181774 -2.59519e-05 
0 -5.42101e-20 0 7.65688e-06 -2.59519e-05 0.000116797 
0.255603 0.121045 -0.0195323 
0.00125433 0.000832354 -6.81636e-05 
0.0295917 0 0 0 0 0 
0 0.0295917 0 0 0 0 
0 0 0.0295917 0 0 0 
0 0 0 0.000200108 4.91879e-05 -1.05798e-06 
0 0 0 4.91879e-05 0.000157972 -8.66465e-06 
0 0 0 -1.05798e-06 -8.66465e-06 0.000107532 
0.269491 0.099082 0.00136306 
0.00134111 0.000763892 2.08483e-05 
0.0295917 0 0 0 1.0842e-19 0 
0 0.0295917 0 -6.77626e-20 0 0 
0 0 0.0295917 0 0 0 
0 -6.77626e-20 0 0.000206655 5.80729e-05 5.37098e-06 
6.77626e-20 0 -5.42101e-20 5.80729e-05 0.000138041 -6.56707e-06 
0 5.42101e-20 0 5.37098e-06 -6.56707e-06 0.000134937 
0.265363 0.102465 0.0340893 
0.00136771 0.00079074 0.000160147 
0.0295917 0 0 0 -1.0842e-19 0 
0 0.0295917 0 1.0842e-19 0 5.42101e-20 
0 0 0.0295917 0 -5.42101e-20 0 
0 1.0842e-19 0 0.000210578 5.77034e-05 1.21608e-05 
-1.0842e-19 0 0 5.77034e-05 0.000145284 1.34507e-06 
0 0 0 1.21608e-05 1.34507e-06 0.000134865 
0.278237 0.0756902 0.0524121 
0.00137667 0.000763157 0.000182297 
0.0295917 0 0 0 0 5.42101e-20 
0 0.0295917 0 -2.03288e-20 0 -5.42101e-20 
0 0 0.0295917 0 5.42101e-20 0 
0 -1.35525e-20 0 0.000211685 5.83437e-05 1.4016e-05 
1.35525e-20 0 5.42101e-20 5.83437e-05 0.000140604 1.33504e-07 
0 -5.42101e-20 0 1.4016e-05 1.33504e-07 0.000139478 
0.272914 0.0754059 0.0842669 
0.00130569 0.000729353 0.000279209 
0.0295917 0 0 0 0 -5.42101e-20 
0 0.0295917 0 0 0 4.06576e-20 
0 0 0.0295917 5.42101e-20 -5.42101e-20 0 
0 0 5.42101e-20 0.00020246 5.62904e-05 1.38368e-05 
0 0 0 5.62904e-05 0.000131364 1.23479e-05 
-5.42101e-20 0 0 1.38368e-05 1.23479e-05 0.000139901 
0.259702 0.0708255 0.148493 
0.00117013 0.000773669 0.000330781 
0.0295917 0 0 0 0 0 
0 0.0295917 0 0 0 0 
0 0 0.0295917 0 0 0 
0 -2.71051e-20 0 0.000195519 4.23047e-05 1.15675e-05 
2.71051e-20 0 0 4.23047e-05 0.000148772 3.2755e-05 
0 0 0 1.15675e-05 3.2755e-05 0.000109229 
0.277536 0.0466787 0.13866 
0.00131811 0.000792987 0.000334784 
0.0295917 0 0 0 0 5.42101e-20 
0 0.0295917 0 0 0 -3.38813e-20 
0 0 0.0295917 -5.42101e-20 5.42101e-20 0 
0 0 1.0842e-19 0.000211343 4.75474e-05 1.56262e-05 
0 0 0 4.75474e-05 0.000154175 2.5364e-05 
-1.0842e-19 0 0 1.56262e-05 2.5364e-05 0.000122315 
0.284683 0.0476461 0.104449 
0.00132632 0.000780056 0.000262157 
0.0295917 0 0 0 0 -5.42101e-20 
0 0.0295917 0 2.71051e-20 0 0 
0 0 0.0295917 0 0 0 
0 0 -1.0842e-19 0.000212113 4.79711e-05 1.00166e-05 
0 0 0 4.79711e-05 0.000152636 2.41188e-05 
1.0842e-19 0 0 1.00166e-05 2.41188e-05 0.000119864 
0.248185 0.0731911 0.179272 
0.00111148 0.000764034 0.000404767 
0.0295917 0 0 0 0 0 
0 0.0295917 0 0 0 0 
0 0 0.0295917 -2.71051e-20 2.71051e-20 0 
0 -1.0842e-19 -2.71051e-20 0.000171286 5.49568e-05 2.90842e-05 
1.0842e-19 0 -2.71051e-20 5.49568e-05 0.000137192 4.74607e-06 
2.71051e-20 2.71051e-20 0 2.90842e-05 4.74607e-06 0.000130832 
0.226873 0.102044 0.177548 
0.00103617 0.000871589 0.000419874 
0.0295917 0 0 0 0 0 
0 0.0295917 0 0 0 0 
0 0 0.0295917 0 5.42101e-20 0 
0 0 -1.0842e-19 0.00019064 5.96931e-05 -5.74559e-06 
0 0 5.42101e-20 5.96931e-05 0.000142347 5.23364e-05 
1.0842e-19 -5.42101e-20 0 -5.74559e-06 5.23364e-05 0.000144061 
0.210148 0.109271 0.199069 
0.00107028 0.00101606 0.000583311 
0.0295917 0 0 0 0 1.0842e-19 
0 0.0295917 0 0 0 0 
0 0 0.0295917 -5.42101e-20 0 0 
0 0 5.42101e-20 0.000198424 5.83624e-05 5.10139e-06 
0 0 0 5.83624e-05 0.000163506 5.50898e-05 
-5.42101e-20 0 0 5.10139e-06 5.50898e-05 0.00015129 
0.186603 0.13605 0.189414 
0.00086628 0.00109762 0.000556684 
0.0295917 0 0 0 0 0 
0 0.0295917 0 0 0 0 
0 0 0.0295917 0 0 0 
0 1.0842e-19 -1.0842e-19 0.000178775 5.20198e-05 -1.07314e-06 
-1.0842e-19 0 -5.42101e-20 5.20198e-05 0.000174423 5.62305e-05 
1.0842e-19 5.42101e-20 0 -1.07314e-06 5.62305e-05 0.000134797 
0.166218 0.138362 0.211302 
0.000767126 0.00119109 0.00072274 
0.0295917 0 0 0 0 0 
0 0.0295917 0 0 0 -5.42101e-20 
0 0 0.0295917 -5.42101e-20 5.42101e-20 0 
0 0 5.42101e-20 0.000178214 4.59372e-05 5.36592e-06 
0 0 0 4.59372e-05 0.000186544 6.33902e-05 
-5.42101e-20 0 0 5.36592e-06 6.33902e-05 0.000144431 
0.13249 0.17408 0.171429 
0.000408571 0.00127543 0.000678798 
0.0295917 0 0 0 0 0 
0 0.0295917 0 0 0 1.0842e-19 
0 0 0.0295917 5.42101e-20 -5.42101e-20 0 
0 -1.0842e-19 0 0.000125026 2.4859e-05 1.70697e-05 
1.0842e-19 0 0 2.4859e-05 0.000199453 4.42893e-05 
0 0 0 1.70697e-05 4.42893e-05 0.000137496 
0.137668 0.156802 0.201849 
0.000435217 0.00139793 0.000696066 
0.0295917 0 0 0 0 -5.42101e-20 
0 0.0295917 0 0 0 0 
0 0 0.0295917 2.71051e-20 0 0 
0 -2.71051e-20 2.71051e-20 0.000140988 3.09581e-05 6.1712e-06 
2.71051e-20 0 1.0842e-19 3.09581e-05 0.000215329 5.08693e-05 
-2.71051e-20 -1.0842e-19 0 6.1712e-06 5.08693e-05 0.000144276 
0.120827 0.201104 0.109548 
0.000241177 0.0013895 0.000377854 
0.0295917 0 0 0 0 0 
0 0.0295917 0 -3.38813e-20 0 -2.71051e-20 
0 0 0.0295917 0 0 0 
0 -3.38813e-20 0 0.00011889 2.4832e-05 -2.00495e-05 
3.38813e-20 0 0 2.4832e-05 0.000217463 3.22532e-05 
0 0 0 -2.00495e-05 3.22532e-05 0.000124735 
0.119329 0.209022 0.0759658 
0.000243992 0.00144828 0.000269616 
0.0295917 0 0 0 0 0 
0 0.0295917 0 0 0 0 
0 0 0.0295917 -6.77626e-21 0 0 
0 0 -6.77626e-21 0.000126167 1.36865e-05 2.39466e-05 
0 0 0 1.36865e-05 0.00022814 1.83869e-05 
6.77626e-21 0 0 2.39466e-05 1.83869e-05 0.00011343 
0.0955018 0.198934 0.128241 
0.000160394 0.00152704 0.000504754 
0.0295917 0 0 0 0 0 
0 0.0295917 0 0 0 0 
0 0 0.0295917 -2.71051e-20 0 0 
0 0 -5.42101e-20 0.000125963 1.68363e-05 -1.1327e-05 
0 0 -1.0842e-19 1.68363e-05 0.000236253 3.80807e-05 
5.42101e-20 1.0842e-19 0 -1.1327e-05 3.80807e-05 0.000139002 
0.101351 0.185635 0.161081 
0.000171037 0.0014802 0.00065404 
0.0295917 0 0 0 1.0842e-19 0 
0 0.0295917 0 -8.13152e-20 0 5.42101e-20 
0 0 0.0295917 -1.35525e-20 0 0 
0 2.71051e-20 4.06576e-20 0.000128769 1.61106e-05 -4.45838e-06 
-2.71051e-20 0 0 1.61106e-05 0.000228364 4.73462e-05 
-4.06576e-20 0 0 -4.45838e-06 4.73462e-05 0.000145159 
0.0922777 0.215151 0.0596315 
0.000152264 0.00160605 0.000220179 
0.0295917 0 0 0 0 6.77626e-21 
0 0.0295917 0 -1.35525e-20 0 0 
0 0 0.0295917 -1.35525e-20 -1.0842e-19 0 
0 -1.35525e-20 -2.71051e-20 0.000127862 9.65157e-06 1.53939e-05 
1.35525e-20 0 -1.0842e-19 9.65157e-06 0.000248865 1.565e-05 
2.71051e-20 1.0842e-19 0 1.53939e-05 1.565e-05 0.000127123 
0.0982721 0.21826 0.0241284 
0.00015082 0.00161597 0.000113152 
0.0295917 0 0 0 -1.35525e-20 0 
0 0.0295917 0 0 0 0 
0 0 0.0295917 0 0 0 
0 -1.0842e-19 1.35525e-20 0.000128421 9.83269e-06 3.25933e-05 
1.0842e-19 0 1.0842e-19 9.83269e-06 0.000256899 5.85727e-06 
-1.35525e-20 -1.0842e-19 0 3.25933e-05 5.85727e-06 0.000131133 
0.132444 0.213147 0.00959909 
0.0003711 0.00147933 2.51771e-05 
0.0295917 0 0 0 0 0 
0 0.0295917 0 0 0 0 
0 0 0.0295917 0 0 0 
0 1.0842e-19 0 0.000111874 3.11587e-05 4.36336e-06 
-1.0842e-19 0 0 3.11587e-05 0.000228551 6.76206e-07 
0 0 0 4.36336e-06 6.76206e-07 0.000132333 
0.141323 0.21066 -0.023593 
0.000421246 0.00162707 -4.59947e-05 
0.0295917 0 0 0 1.0842e-19 0 
0 0.0295917 0 -1.0842e-19 0 0 
0 0 0.0295917 1.35525e-20 0 0 
0 -1.0842e-19 -1.35525e-20 0.000132752 3.34002e-05 1.28218e-05 
1.0842e-19 0 2.71051e-20 3.34002e-05 0.000251521 -6.82237e-06 
1.35525e-20 -2.71051e-20 0 1.28218e-05 -6.82237e-06 0.000136449 
0.172903 0.197294 -0.0354515 
0.000769029 0.00135781 -0.000148722 
0.0295917 0 0 0 -1.0842e-19 0 
0 0.0295917 0 1.0842e-19 0 0 
0 0 0.0295917 0 0 0 
0 1.0842e-19 0 0.000153453 5.07429e-05 4.27795e-06 
-1.0842e-19 0 0 5.07429e-05 0.000211738 -1.58922e-05 
0 0 0 4.27795e-06 -1.58922e-05 0.000119245 
0.18094 0.18815 -0.0687486 
0.000746685 0.00129043 -0.000212603 
0.0295917 0 0 0 0 0 
0 0.0295917 0 0 0 -1.0842e-19 
0 0 0.0295917 0 8.13152e-20 0 
0 0 5.42101e-20 0.000143345 5.57746e-05 1.14192e-05 
0 0 0 5.57746e-05 0.000200216 -2.42489e-05 
-5.42101e-20 0 0 1.14192e-05 -2.42489e-05 0.000129407 
0.207302 0.16355 -0.0817422 
0.0011885 0.00105023 -0.000292601 
0.0295917 0 0 0 0 5.42101e-20 
0 0.0295917 0 0 0 -2.71051e-20 
0 0 0.0295917 -1.0842e-19 0 0 
0 0 0 0.000211467 6.80432e-05 1.56483e-05 
0 0 0 6.80432e-05 0.000176477 -5.11977e-05 
0 0 0 1.56483e-05 -5.11977e-05 0.00014754 
0.224455 0.151055 -0.0624157 
0.00110011 0.00107393 -0.000365268 
0.0295917 0 0 0 -1.35525e-20 0 
0 0.0295917 0 0 0 -1.0842e-19 
0 0 0.0295917 0 5.42101e-20 0 
0 0 9.48677e-20 0.000206277 6.37986e-05 1.41678e-05 
0 0 -5.42101e-20 6.37986e-05 0.000179462 -5.59697e-05 
-9.48677e-20 5.42101e-20 0 1.41678e-05 -5.59697e-05 0.000141967 
0.24739 0.118878 -0.0749435 
0.00140154 0.00101595 -0.000422719 
0.0295917 0 0 0 0 0 
0 0.0295917 0 -1.0842e-19 0 0 
0 0 0.0295917 0 0 0 
0 -1.0842e-19 -1.0842e-19 0.000235555 7.84332e-05 1.15788e-06 
1.0842e-19 0 0 7.84332e-05 0.000164498 -4.65311e-05 
1.0842e-19 0 0 1.15788e-06 -4.65311e-05 0.000184068 
0.261547 0.105908 -0.0528332 
0.00128917 0.000814454 -0.000226385 
0.0295917 0 0 0 -5.42101e-20 0 
0 0.0295917 0 0 0 0 
0 0 0.0295917 0 2.71051e-20 0 
0 0 0 0.000225891 6.62235e-05 1.53064e-05 
0 0 2.71051e-20 6.62235e-05 0.000145283 -5.37287e-05 
0 -2.71051e-20 0 1.53064e-05 -5.37287e-05 0.000158907 
0.28105 0.0734852 -0.0498186 
0.00137569 0.00074739 -0.000216441 
0.0295917 0 0 0 0 0 
0 0.0295917 0 -2.71051e-20 0 2.71051e-20 
0 0 0.0295917 0 -5.42101e-20 0 
0 -2.71051e-20 0 0.000220705 5.83709e-05 -3.50999e-05 
2.71051e-20 0 -5.42101e-20 5.83709e-05 0.000158996 2.93453e-05 
0 5.42101e-20 0 -3.50999e-05 2.93453e-05 0.000136177 
0.285469 0.0703873 -0.0149817 
0.00134326 0.000717853 1.88713e-06 
0.0295917 0 0 0 0 -5.42101e-20 
0 0.0295917 0 0 0 2.71051e-20 
0 0 0.0295917 5.42101e-20 -5.42101e-20 0 
0 0 0 0.000211785 4.8431e-05 9.63478e-06 
0 0 0 4.8431e-05 0.000147102 -1.77101e-05 
0 0 0 9.63478e-06 -1.77101e-05 0.000116474 
0.298613 0.0453323 0.00199221 
0.00147169 0.00076867 1.2489e-05 
0.0295917 0 0 0 0 0 
0 0.0295917 0 4.02341e-20 0 -5.42101e-20 
0 0 0.0295917 0 5.42101e-20 0 
0 4.02341e-20 0 0.000228707 5.26058e-05 5.89792e-06 
-4.02341e-20 0 -1.0842e-19 5.26058e-05 0.000155665 -9.21014e-06 
0 1.0842e-19 0 5.89792e-06 -9.21014e-06 0.000128095 
0.295509 0.0472523 0.0366598 
0.00137688 0.000719622 0.000160119 
0.0295917 0 0 0 0 0 
0 0.0295917 0 0 0 -1.35525e-20 
0 0 0.0295917 0 0 0 
0 0 -5.42101e-20 0.000212188 5.26856e-05 1.49411e-05 
0 0 0 5.26856e-05 0.000141463 -3.62473e-06 
5.42101e-20 0 0 1.49411e-05 -3.62473e-06 0.000129272 
0.306794 0.0218084 0.0563389 
0.00139904 0.000751899 0.000150675 
0.0295917 0 0 0 0 -5.42101e-20 
0 0.0295917 0 -5.42101e-20 0 5.42101e-20 
0 0 0.0295917 0 -5.42101e-20 0 
0 5.42101e-20 0 0.000220729 4.57687e-05 1.15447e-05 
-5.42101e-20 0 0 4.57687e-05 0.000160314 5.46655e-06 
0 0 0 1.15447e-05 5.46655e-06 0.000112097 
0.30129 0.0224865 0.0922732 
0.00134329 0.000738459 0.000241237 
0.0295917 0 0 0 0 5.42101e-20 
0 0.0295917 0 -1.0842e-19 0 0 
0 0 0.0295917 -5.42101e-20 0 0 
0 0 0 0.000214253 4.37648e-05 1.27363e-05 
0 0 0 4.37648e-05 0.000154845 1.88095e-05 
0 0 0 1.27363e-05 1.88095e-05 0.000112101 
0.287674 0.0209816 0.163107 
0.00130512 0.000845147 0.00029923 
0.0295917 0 0 0 0 0 
0 0.0295917 0 2.71051e-20 0 5.42101e-20 
0 0 0.0295917 0 -5.42101e-20 0 
0 1.0842e-19 0 0.000214319 4.6396e-05 1.27816e-05 
-1.0842e-19 0 -1.0842e-19 4.6396e-05 0.000165964 2.73476e-05 
0 1.0842e-19 0 1.27816e-05 2.73476e-05 0.000114305 
0.255276 0.0526314 0.203207 
0.00121311 0.000921572 0.00035446 
0.0295917 0 0 0 -1.0842e-19 0 
0 0.0295917 0 5.42101e-20 0 0 
0 0 0.0295917 0 0 0 
0 -5.42101e-20 0 0.000189926 5.89005e-05 2.17229e-05 
5.42101e-20 0 5.42101e-20 5.89005e-05 0.000158581 1.27479e-05 
0 -5.42101e-20 0 2.17229e-05 1.27479e-05 0.00013353 
0.276932 0.0245687 0.196875 
0.00128384 0.000847539 0.000344589 
0.0295917 0 0 0 2.71051e-20 0 
0 0.0295917 0 0 0 5.42101e-20 
0 0 0.0295917 2.71051e-20 -2.71051e-20 0 
0 1.0842e-19 0 0.000199045 5.68548e-05 2.87517e-05 
-1.0842e-19 0 1.35525e-19 5.68548e-05 0.000157349 2.02394e-06 
0 -1.35525e-19 0 2.87517e-05 2.02394e-06 0.000132196 
0.311474 -0.00327389 0.116398 
0.00140163 0.000796562 0.000239163 
0.0295917 0 0 0 0 0 
0 0.0295917 0 0 0 -5.42101e-20 
0 0 0.0295917 0 5.42101e-20 0 
0 -2.71051e-20 0 0.000231909 4.28282e-05 9.14231e-06 
2.71051e-20 0 5.42101e-20 4.28282e-05 0.000173933 2.83594e-05 
0 -5.42101e-20 0 9.14231e-06 2.83594e-05 0.000109775 
0.305005 -0.00381141 0.15302 
0.00134223 0.000774428 0.000268535 
0.0295917 0 0 0 0 0 
0 0.0295917 0 0 0 2.71051e-20 
0 0 0.0295917 0 -5.42101e-20 0 
0 -1.0842e-19 1.0842e-19 0.000218314 4.33462e-05 1.2522e-05 
1.0842e-19 0 -5.42101e-20 4.33462e-05 0.000162051 2.49479e-05 
-1.0842e-19 5.42101e-20 0 1.2522e-05 2.49479e-05 0.000111293 
0.239685 0.0602785 0.232237 
0.00113171 0.000901386 0.000424636 
0.0295917 0 0 0 0 0 
0 0.0295917 0 0 0 5.42101e-20 
0 0 0.0295917 -2.71051e-20 -5.42101e-20 0 
0 0 -2.71051e-20 0.000175739 6.25967e-05 2.50785e-05 
0 0 0 6.25967e-05 0.00015091 1.16857e-05 
2.71051e-20 0 0 2.50785e-05 1.16857e-05 0.000143364 
0.21587 0.0880642 0.229823 
0.00100044 0.000999601 0.000421323 
0.0295917 0 0 0 0 0 
0 0.0295917 0 0 0 0 
0 0 0.0295917 0 0 0 
0 0 0 0.000176459 6.15656e-05 -1.44004e-06 
0 0 0 6.15656e-05 0.000157909 4.23265e-05 
0 0 0 -1.44004e-06 4.23265e-05 0.000140365 
0.197752 0.0941449 0.252935 
0.000974697 0.00110565 0.000573122 
0.0295917 0 0 0 0 0 
0 0.0295917 0 1.0842e-19 0 5.42101e-20 
0 0 0.0295917 0 -5.42101e-20 0 
0 0 0 0.00018163 5.67092e-05 7.00685e-06 
0 0 -5.42101e-20 5.67092e-05 0.00017473 4.89149e-05 
0 5.42101e-20 0 7.00685e-06 4.89149e-05 0.000143796 
0.171646 0.117664 0.244068 
0.000747903 0.00123267 0.000557409 
0.0295917 0 0 0 2.71051e-20 0 
0 0.0295917 0 0 0 0 
0 0 0.0295917 0 0 0 
0 1.0842e-19 0 0.000168096 5.05177e-05 -4.81317e-06 
-1.0842e-19 0 0 5.05177e-05 0.00019269 5.40254e-05 
0 0 0 -4.81317e-06 5.40254e-05 0.000134755 
0.150954 0.11915 0.266097 
0.000687628 0.00125306 0.0006233 
0.0295917 0 0 0 0 0 
0 0.0295917 0 0 0 0 
0 0 0.0295917 0 0 0 
0 0 0 0.00016601 4.75715e-05 -3.57686e-06 
0 0 1.35525e-19 4.75715e-05 0.00019482 5.73617e-05 
0 -1.35525e-19 0 -3.57686e-06 5.73617e-05 0.000138085 
0.121331 0.135964 0.255466 
0.000385299 0.00140849 0.000596627 
0.0295917 0 0 0 0 0 
0 0.0295917 0 0 0 0 
0 0 0.0295917 -2.71051e-20 0 0 
0 0 -2.71051e-20 0.000139095 3.17351e-05 -5.87223e-06 
0 0 0 3.17351e-05 0.000216915 4.82001e-05 
2.71051e-20 0 0 -5.87223e-06 4.82001e-05 0.000136016 
0.113473 0.152917 0.223984 
0.000386151 0.00131617 0.000678032 
0.0295917 0 0 0 0 -5.42101e-20 
0 0.0295917 0 0 0 0 
0 0 0.0295917 5.42101e-20 -5.42101e-20 0 
0 -1.0842e-19 0 0.000132587 3.10313e-05 -4.45717e-07 
1.0842e-19 0 -5.42101e-20 3.10313e-05 0.000202517 5.03749e-05 
0 5.42101e-20 0 -4.45717e-07 5.03749e-05 0.000140041 
0.0812035 0.164446 0.212756 
0.000140636 0.00146263 0.000661324 
0.0295917 0 0 0 1.0842e-19 5.42101e-20 
0 0.0295917 0 -6.77626e-20 0 5.42101e-20 
0 0 0.0295917 -4.74338e-20 -1.0842e-19 0 
0 4.06576e-20 6.77626e-21 0.000130281 1.87499e-05 -1.56359e-05 
-4.06576e-20 0 0 1.87499e-05 0.000227581 4.9479e-05 
-6.77626e-21 0 0 -1.56359e-05 4.9479e-05 0.00014565 
0.0742593 0.179885 0.180274 
0.000140694 0.00145517 0.000665365 
0.0295917 0 0 0 -1.0842e-19 0 
0 0.0295917 0 1.0842e-19 0 -1.0842e-19 
0 0 0.0295917 0 5.42101e-20 0 
0 1.0842e-19 0 0.000131128 1.38414e-05 -5.51066e-06 
-1.0842e-19 0 0 1.38414e-05 0.000224244 4.95241e-05 
0 0 0 -5.51066e-06 4.95241e-05 0.000141081 
0.0626108 0.205819 0.112853 
2.98535e-05 0.00153163 0.000457108 
0.0295917 0 0 0 0 0 
0 0.0295917 0 0 0 0 
0 0 0.0295917 8.47033e-21 0 0 
0 0 3.55754e-20 0.000132471 8.29529e-06 -2.01166e-05 
0 0 0 8.29529e-06 0.000238951 3.66176e-05 
-3.55754e-20 0 0 -2.01166e-05 3.66176e-05 0.00012866 
0.0608839 0.214118 0.0778253 
2.70642e-05 0.00154031 0.000267915 
0.0295917 0 0 0 0 -2.71051e-20 
0 0.0295917 0 0 0 5.42101e-20 
0 0 0.0295917 2.71051e-20 0 0 
0 0 2.71051e-20 0.000127457 -2.34353e-08 1.1694e-05 
0 0 0 -2.34353e-08 0.000238177 2.1319e-05 
-2.71051e-20 0 0 1.1694e-05 2.1319e-05 0.000118135 
0.0420206 0.187587 0.16657 
1.32907e-05 0.00149146 0.000628394 
0.0295917 0 0 0 0 0 
0 0.0295917 0 -4.06576e-20 0 -5.42101e-20 
0 0 0.0295917 1.35525e-20 1.0842e-19 0 
0 -1.49078e-19 1.35525e-20 0.00012937 5.01992e-06 -9.36491e-06 
1.49078e-19 0 0 5.01992e-06 0.000230346 4.63448e-05 
-1.35525e-20 0 0 -9.36491e-06 4.63448e-05 0.000140118 
0.0362218 0.200222 0.131989 
5.99269e-07 0.0016292 0.000509447 
0.0295917 0 0 0 0 0 
0 0.0295917 0 0 0 0 
0 0 0.0295917 0 0 0 
0 0 0 0.000143795 3.88363e-06 -1.22775e-05 
0 0 0 3.88363e-06 0.000251912 4.0963e-05 
0 0 0 -1.22775e-05 4.0963e-05 0.000133738 
0.0312471 0.217581 0.060005 
1.76999e-05 0.00172097 0.000291461 
0.0295917 0 0 0 0 0 
0 0.0295917 0 -3.38813e-21 0 0 
0 0 0.0295917 0 0 0 
0 -3.38813e-21 1.69407e-21 0.000132234 1.20353e-06 1.16519e-06 
3.38813e-21 0 1.0842e-19 1.20353e-06 0.000264743 2.17569e-05 
-1.69407e-21 -1.0842e-19 0 1.16519e-06 2.17569e-05 0.000139903 
0.0368393 0.222262 0.0244908 
1.9567e-05 0.00169463 0.000164545 
0.0295917 0 0 0 -3.38813e-21 0 
0 0.0295917 0 0 0 1.0842e-19 
0 0 0.0295917 0 -5.42101e-20 0 
0 1.0842e-19 0 0.00012461 -1.55412e-06 3.34258e-05 
-1.0842e-19 0 -1.0842e-19 -1.55412e-06 0.000269992 1.16057e-05 
0 1.0842e-19 0 3.34258e-05 1.16057e-05 0.0001476 
0.0724705 0.221907 0.00680793 
0.000151127 0.00159627 0.000113474 
0.0295917 0 0 0 0 8.47033e-22 
0 0.0295917 0 1.01644e-20 0 -1.0842e-19 
0 0 0.0295917 0 0 0 
0 -9.82558e-20 -1.35525e-20 0.000129505 9.58221e-06 3.3056e-05 
9.82558e-20 0 -1.0842e-19 9.58221e-06 0.000254205 5.98179e-06 
1.35525e-20 1.0842e-19 0 3.3056e-05 5.98179e-06 0.000127364 
0.0824919 0.222472 -0.0295002 
0.00015371 0.00163824 2.09486e-05 
0.0295917 0 0 0 1.01644e-20 0 
0 0.0295917 0 0 0 0 
0 0 0.0295917 6.77626e-21 -5.42101e-20 0 
0 0 6.77626e-21 0.000136316 1.17472e-05 4.31903e-05 
0 0 -5.42101e-20 1.17472e-05 0.000266332 -2.32298e-06 
-6.77626e-21 5.42101e-20 0 4.31903e-05 -2.32298e-06 0.00013216 
0.117173 0.216337 -0.0453718 
0.000395638 0.00151726 -4.02109e-05 
0.0295917 0 0 0 0 0 
0 0.0295917 0 1.35525e-20 0 -1.0842e-19 
0 0 0.0295917 0 1.0842e-19 0 
0 1.35525e-20 0 0.000125019 3.19144e-05 2.02246e-05 
-1.35525e-20 0 -1.0842e-19 3.19144e-05 0.000236811 -8.3606e-06 
0 1.0842e-19 0 2.02246e-05 -8.3606e-06 0.000128879 
0.157783 0.197956 -0.090484 
0.000848733 0.00146822 -0.000242661 
0.0295917 0 0 0 0 -5.42101e-20 
0 0.0295917 0 2.71051e-20 0 1.0842e-19 
0 0 0.0295917 5.42101e-20 0 0 
0 -8.13152e-20 0 0.000150192 6.8124e-05 -7.31064e-07 
8.13152e-20 0 0 6.8124e-05 0.00022599 -1.74161e-05 
0 0 0 -7.31064e-07 -1.74161e-05 0.000160316 
0.125595 0.212776 -0.0789658 
0.000389391 0.00147143 -7.9791e-05 
0.0295917 0 0 0 1.35525e-20 0 
0 0.0295917 0 0 0 1.0842e-19 
0 0 0.0295917 -1.35525e-20 -5.42101e-20 0 
0 1.0842e-19 1.35525e-20 0.000121668 3.03039e-05 5.82519e-06 
-1.0842e-19 0 5.42101e-20 3.03039e-05 0.000226551 -7.6818e-06 
-1.35525e-20 -5.42101e-20 0 5.82519e-06 -7.6818e-06 0.000121754 
0.162316 0.190834 -0.119552 
0.000663247 0.00115636 -0.000164589 
0.0295917 0 0 0 2.71051e-20 0 
0 0.0295917 0 0 0 0 
0 0 0.0295917 -2.71051e-20 0 0 
0 0 -5.42101e-20 0.000107902 6.31527e-05 -1.61837e-05 
0 0 1.0842e-19 6.31527e-05 0.000185674 -9.01882e-07 
5.42101e-20 -1.0842e-19 0 -1.61837e-05 -9.01882e-07 0.000150472 
0.185133 0.167224 -0.133518 
0.00109276 0.000908905 -0.000457914 
0.0295917 0 0 0 0 -8.13152e-20 
0 0.0295917 0 0 0 0 
0 0 0.0295917 1.0842e-19 0 0 
0 0 0 0.000194067 5.0955e-05 -6.60899e-06 
0 0 -5.42101e-20 5.0955e-05 0.000154264 -4.70261e-05 
0 5.42101e-20 0 -6.60899e-06 -4.70261e-05 0.000130106 
0.206962 0.149746 -0.117444 
0.00124573 0.00108063 -0.0005545 
0.0295917 0 0 0 0 0 
0 0.0295917 0 0 0 0 
0 0 0.0295917 1.35525e-20 -5.42101e-20 0 
0 1.0842e-19 1.35525e-20 0.000212844 5.1011e-05 -2.89163e-05 
-1.0842e-19 0 -5.42101e-20 5.1011e-05 0.000192596 -3.61815e-05 
-1.35525e-20 5.42101e-20 0 -2.89163e-05 -3.61815e-05 0.000134492 
0.223934 0.121525 -0.130377 
0.00126421 0.000946942 -0.000576154 
0.0295917 0 0 0 0 1.35525e-20 
0 0.0295917 0 0 0 -5.42101e-20 
0 0 0.0295917 0 5.42101e-20 0 
0 -1.0842e-19 1.0842e-19 0.000200075 5.48224e-05 -4.04213e-05 
1.0842e-19 0 5.42101e-20 5.48224e-05 0.000176052 -1.69592e-05 
-1.0842e-19 -5.42101e-20 0 -4.04213e-05 -1.69592e-05 0.000142995 
0.247209 0.103152 -0.107203 
0.00131504 0.000918353 -0.000535474 
0.0295917 0 0 0 -5.42101e-20 0 
0 0.0295917 0 1.0842e-19 0 1.0842e-19 
0 0 0.0295917 -2.71051e-20 -5.42101e-20 0 
0 1.0842e-19 8.13152e-20 0.000204461 6.04901e-05 -3.60526e-05 
-1.0842e-19 0 0 6.04901e-05 0.000167331 -1.27509e-05 
-8.13152e-20 0 0 -3.60526e-05 -1.27509e-05 0.000150977 
0.263472 0.073068 -0.118304 
0.00132167 0.000904409 -0.000541357 
0.0295917 0 0 0 0 -2.71051e-20 
0 0.0295917 0 0 0 -5.42101e-20 
0 0 0.0295917 0 5.42101e-20 0 
0 0 0 0.000208185 5.54123e-05 -3.4012e-05 
0 0 0 5.54123e-05 0.000167406 -1.94654e-05 
0 0 0 -3.4012e-05 -1.94654e-05 0.000144478 
0.284263 0.0500574 -0.100212 
0.00135359 0.000763432 -0.000411598 
0.0295917 0 0 0 0 1.0842e-19 
0 0.0295917 0 -1.35525e-20 0 -5.42101e-20 
0 0 0.0295917 -2.1684e-19 0 0 
0 -1.35525e-20 0 0.000215173 6.26315e-05 -1.53342e-05 
1.35525e-20 0 0 6.26315e-05 0.000132019 -2.24301e-05 
0 0 0 -1.53342e-05 -2.24301e-05 0.000163128 
0.29138 0.049913 -0.0679655 
0.00153004 0.00086013 -0.000217629 
0.0295917 0 0 0 0 -1.0842e-19 
0 0.0295917 0 0 0 0 
0 0 0.0295917 1.0842e-19 -2.71051e-20 0 
0 -1.0842e-19 1.0842e-19 0.00023996 7.27765e-05 -2.9684e-05 
1.0842e-19 0 -3.38813e-20 7.27765e-05 0.000161544 2.33494e-05 
-1.0842e-19 3.38813e-20 0 -2.9684e-05 2.33494e-05 0.000168685 
0.311234 0.0168556 -0.0495388 
0.00154953 0.000766627 -0.000182016 
0.0295917 0 0 0 0 0 
0 0.0295917 0 -2.71051e-20 0 -2.71051e-20 
0 0 0.0295917 0 5.42101e-20 0 
0 8.13152e-20 0 0.000247546 6.25976e-05 -3.15603e-05 
-8.13152e-20 0 5.42101e-20 6.25976e-05 0.000163578 3.31867e-05 
0 -5.42101e-20 0 -3.15603e-05 3.31867e-05 0.000153322 
0.314048 0.0153727 -0.014418 
0.0015225 0.000766783 5.64266e-07 
0.0295917 0 0 0 1.0842e-19 5.42101e-20 
0 0.0295917 0 -1.0842e-19 0 2.71051e-20 
0 0 0.0295917 0 -5.42101e-20 0 
0 -1.0842e-19 0 0.000234329 5.81476e-05 2.47728e-06 
1.0842e-19 0 5.42101e-20 5.81476e-05 0.000148162 -4.83133e-06 
0 -5.42101e-20 0 2.47728e-06 -4.83133e-06 0.000144739 
0.326615 -0.0100869 0.00671036 
0.0014769 0.000725481 1.35798e-05 
0.0295917 0 0 0 -1.0842e-19 0 
0 0.0295917 0 8.13152e-20 0 0 
0 0 0.0295917 0 0 0 
0 -2.71051e-20 0 0.000230155 4.75693e-05 3.11338e-06 
2.71051e-20 0 0 4.75693e-05 0.000156783 -3.84131e-06 
0 0 0 3.11338e-06 -3.84131e-06 0.000120163 
0.322465 -0.00557127 0.0427996 
0.00145639 0.000738378 0.000140608 
0.0295917 0 0 0 0 1.0842e-19 
0 0.0295917 0 0 0 1.35525e-20 
0 0 0.0295917 -1.0842e-19 0 0 
0 -1.0842e-19 0 0.000227416 4.74506e-05 1.02707e-05 
1.0842e-19 0 0 4.74506e-05 0.000157912 5.04285e-06 
0 0 0 1.02707e-05 5.04285e-06 0.000119601 
0.332135 -0.0289505 0.0661518 
0.00137311 0.000701434 0.000129202 
0.0295917 0 0 0 1.0842e-19 -1.6263e-19 
0 0.0295917 0 -8.13152e-20 0 -5.42101e-20 
0 0 0.0295917 2.1684e-19 5.42101e-20 0 
0 0 1.0842e-19 0.000218722 4.12152e-05 1.26155e-05 
0 0 5.42101e-20 4.12152e-05 0.000160152 7.06879e-07 
-1.0842e-19 -5.42101e-20 0 1.26155e-05 7.06879e-07 0.000103053 
0.326648 -0.0273312 0.103816 
0.00139834 0.000733064 0.000212896 
0.0295917 0 0 0 -1.0842e-19 5.42101e-20 
0 0.0295917 0 1.0842e-19 0 0 
0 0 0.0295917 -5.42101e-20 0 0 
0 -1.0842e-19 -1.0842e-19 0.000232788 3.76488e-05 1.08755e-05 
1.0842e-19 0 0 3.76488e-05 0.0001754 2.39811e-05 
1.0842e-19 0 0 1.08755e-05 2.39811e-05 0.000100174 
0.315414 -0.029764 0.179272 
0.00143785 0.000877158 0.000261956 
0.0295917 0 0 0 0 5.42101e-20 
0 0.0295917 0 5.42101e-20 0 0 
0 0 0.0295917 0 0 0 
0 5.42101e-20 0 0.000237623 5.00416e-05 5.36317e-06 
-5.42101e-20 0 0 5.00416e-05 0.000176769 3.45906e-05 
0 0 0 5.36317e-06 3.45906e-05 0.000123864 
0.30638 -0.0253484 0.213842 
0.00141032 0.000861474 0.000260211 
0.0295917 0 0 0 5.42101e-20 0 
0 0.0295917 0 -1.0842e-19 0 0 
0 0 0.0295917 0 1.35525e-20 0 
0 -1.0842e-19 -2.71051e-20 0.000217294 6.22127e-05 2.15014e-05 
1.0842e-19 0 -4.06576e-20 6.22127e-05 0.000157505 -3.01852e-07 
2.71051e-20 4.06576e-20 0 2.15014e-05 -3.01852e-07 0.000143726 
0.285229 0.00419136 0.221358 
0.00127124 0.000925017 0.000264768 
0.0295917 0 0 0 0 0 
0 0.0295917 0 0 0 0 
0 0 0.0295917 0 5.42101e-20 0 
0 0 0 0.00019841 5.96379e-05 2.35558e-05 
0 0 -5.42101e-20 5.96379e-05 0.000164498 8.8642e-07 
0 5.42101e-20 0 2.35558e-05 8.8642e-07 0.000130515 
0.271462 0.0133118 0.253756 
0.00128069 0.000941763 0.000294161 
0.0295917 0 0 0 0 0 
0 0.0295917 0 0 0 0 
0 0 0.0295917 0 2.71051e-20 0 
0 -1.0842e-19 0 0.000199069 6.44557e-05 2.99187e-05 
1.0842e-19 0 2.71051e-20 6.44557e-05 0.000167362 -5.36148e-06 
0 -2.71051e-20 0 2.99187e-05 -5.36148e-06 0.000140247 
0.247573 0.0413363 0.258303 
0.00116657 0.00104842 0.000296826 
0.0295917 0 0 0 0 0 
0 0.0295917 0 0 0 -1.0842e-19 
0 0 0.0295917 0 1.0842e-19 0 
0 1.0842e-19 0 0.000183726 6.52518e-05 1.66677e-05 
-1.0842e-19 0 1.0842e-19 6.52518e-05 0.000170619 1.19558e-05 
0 -1.0842e-19 0 1.66677e-05 1.19558e-05 0.000138874 
0.336626 -0.0528925 0.127225 
0.00138752 0.000738618 0.000206541 
0.0295917 0 0 0 1.0842e-19 0 
0 0.0295917 0 -9.48677e-20 0 0 
0 0 0.0295917 0 0 0 
0 1.35525e-19 0 0.000223505 4.19831e-05 1.09401e-05 
-1.35525e-19 0 0 4.19831e-05 0.000163456 1.84514e-05 
0 0 0 1.09401e-05 1.84514e-05 0.000108004 
0.331861 -0.0547878 0.166059 
0.0015132 0.000805462 0.000224769 
0.0295917 0 0 0 0 -5.42101e-20 
0 0.0295917 0 0 0 0 
0 0 0.0295917 5.42101e-20 0 0 
0 0 0 0.000249057 4.19965e-05 1.49476e-05 
0 0 0 4.19965e-05 0.000189711 1.80005e-05 
0 0 0 1.49476e-05 1.80005e-05 0.000108496 
0.23177 0.0498259 0.287065 
0.00110628 0.00102761 0.000339224 
0.0295917 0 0 0 5.42101e-20 0 
0 0.0295917 0 -1.0842e-19 0 0 
0 0 0.0295917 -2.71051e-20 -1.35525e-20 0 
0 0 -5.42101e-20 0.000175972 6.28966e-05 1.55321e-05 
0 0 -2.71051e-20 6.28966e-05 0.000165786 1.7148e-05 
5.42101e-20 2.71051e-20 0 1.55321e-05 1.7148e-05 0.000136559 
0.205765 0.0748488 0.284111 
0.000927687 0.00116694 0.000344565 
0.0295917 0 0 0 -5.42101e-20 0 
0 0.0295917 0 1.0842e-19 0 0 
0 0 0.0295917 0 0 0 
0 1.0842e-19 0 0.000167445 6.17776e-05 -6.47953e-06 
-1.0842e-19 0 0 6.17776e-05 0.000182748 3.68765e-05 
0 0 0 -6.47953e-06 3.68765e-05 0.000135304 
0.18832 0.0810617 0.308739 
0.000943794 0.00121489 0.000380158 
0.0295917 0 0 0 1.0842e-19 0 
0 0.0295917 0 0 0 -1.0842e-19 
0 0 0.0295917 -2.71051e-20 5.42101e-20 0 
0 0 8.13152e-20 0.000171145 6.17246e-05 -2.92318e-06 
0 0 6.77626e-20 6.17246e-05 0.000189836 3.71798e-05 
-8.13152e-20 -6.77626e-20 0 -2.92318e-06 3.71798e-05 0.000137862 
0.159616 0.101844 0.299592 
0.00066804 0.00133964 0.000365701 
0.0295917 0 0 0 -2.71051e-20 0 
0 0.0295917 0 0 0 1.0842e-19 
0 0 0.0295917 0 -1.0842e-19 0 
0 -1.0842e-19 0 0.000157591 5.06322e-05 -1.93133e-05 
1.0842e-19 0 -1.0842e-19 5.06322e-05 0.000211679 4.25851e-05 
0 1.0842e-19 0 -1.93133e-05 4.25851e-05 0.000127835 
0.139958 0.105296 0.322173 
0.000679769 0.00138896 0.000390572 
0.0295917 0 0 0 0 0 
0 0.0295917 0 0 0 -1.0842e-19 
0 0 0.0295917 -2.71051e-20 5.42101e-20 0 
0 0 -2.71051e-20 0.000158155 5.16564e-05 -1.60813e-05 
0 0 -5.42101e-20 5.16564e-05 0.000217395 4.19196e-05 
2.71051e-20 5.42101e-20 0 -1.60813e-05 4.19196e-05 0.000133377 
0.0984091 0.133011 0.277707 
0.000395529 0.00139958 0.00058098 
0.0295917 0 0 0 0 0 
0 0.0295917 0 0 0 0 
0 0 0.0295917 5.42101e-20 0 0 
0 0 0 0.000139639 3.23537e-05 -6.45811e-06 
0 0 2.71051e-20 3.23537e-05 0.000215665 4.77646e-05 
0 -2.71051e-20 0 -6.45811e-06 4.77646e-05 0.000133968 
0.108374 0.119648 0.310919 
0.000358577 0.00147667 0.000350001 
0.0295917 0 0 0 0 0 
0 0.0295917 0 0 0 -5.42101e-20 
0 0 0.0295917 0 1.0842e-19 0 
0 8.13152e-20 2.71051e-20 0.000134552 3.05921e-05 -1.62761e-05 
-8.13152e-20 0 -1.0842e-19 3.05921e-05 0.000229571 3.22703e-05 
-2.71051e-20 1.0842e-19 0 -1.62761e-05 3.22703e-05 0.000125173 
0.0568759 0.157749 0.232732 
0.000140098 0.00145986 0.000660322 
0.0295917 0 0 0 0 0 
0 0.0295917 0 0 0 0 
0 0 0.0295917 0 0 0 
0 0 0 0.000137021 1.77731e-05 -1.49614e-05 
0 0 0 1.77731e-05 0.000226476 5.20023e-05 
0 0 0 -1.49614e-05 5.20023e-05 0.00013991 
0.0662231 0.143267 0.266201 
0.000123876 0.00149141 0.000543003 
0.0295917 0 0 0 0 0 
0 0.0295917 0 5.42101e-20 0 0 
0 0 0.0295917 -6.77626e-21 0 0 
0 5.42101e-20 -6.77626e-21 0.000133763 1.556e-05 -1.64666e-05 
-5.42101e-20 0 0 1.556e-05 0.00023168 4.37933e-05 
6.77626e-21 0 0 -1.64666e-05 4.37933e-05 0.000132391 
0.0156059 0.179186 0.186628 
5.21691e-07 0.00152772 0.000654245 
0.0295917 0 0 0 0 0 
0 0.0295917 0 0 0 0 
0 0 0.0295917 0 -5.42101e-20 0 
0 2.1684e-19 0 0.000141319 2.12269e-06 -4.8644e-06 
-2.1684e-19 0 0 2.12269e-06 0.000235138 5.11417e-05 
0 0 0 -4.8644e-06 5.11417e-05 0.000137623 
0.0235169 0.164788 0.220308 
1.7095e-07 0.00150091 0.000640365 
0.0295917 0 0 0 0 -5.42101e-20 
0 0.0295917 0 2.71051e-20 0 0 
0 0 0.0295917 4.06576e-20 0 0 
0 5.42101e-20 4.06576e-20 0.000132129 6.9285e-06 -1.62068e-05 
-5.42101e-20 0 0 6.9285e-06 0.000233251 4.76929e-05 
-4.06576e-20 0 0 -1.62068e-05 4.76929e-05 0.00014182 
0.00428389 0.204961 0.11737 
1.38239e-05 0.00153274 0.000484152 
0.0295917 0 0 0 0 0 
0 0.0295917 0 4.06576e-20 0 0 
0 0 0.0295917 2.03288e-20 0 0 
0 4.06576e-20 2.03288e-20 0.000136993 1.98496e-06 -3.09822e-06 
-4.06576e-20 0 0 1.98496e-06 0.000236116 3.9367e-05 
-2.03288e-20 0 0 -3.09822e-06 3.9367e-05 0.000124029 
0.00103604 0.214022 0.0804136 
-1.65114e-05 0.00167584 0.000302745 
0.0295917 0 0 0 -1.0842e-19 2.71051e-20 
0 0.0295917 0 1.0842e-19 0 5.42101e-20 
0 0 0.0295917 -2.71051e-20 -5.42101e-20 0 
0 1.0842e-19 0 0.000158307 -2.93004e-06 1.02743e-05 
-1.0842e-19 0 0 -2.93004e-06 0.000262262 2.77876e-05 
0 0 0 1.02743e-05 2.77876e-05 0.000114052 
-0.0166233 0.184609 0.174302 
1.15704e-05 0.00152299 0.000656174 
0.0295917 0 0 0 -1.0842e-19 5.42101e-20 
0 0.0295917 0 8.13152e-20 0 -5.42101e-20 
0 0 0.0295917 -4.74338e-20 0 0 
0 -1.35525e-19 1.35525e-20 0.000137732 1.34743e-06 -1.04599e-06 
1.35525e-19 0 0 1.34743e-06 0.000234197 5.00535e-05 
-1.35525e-20 0 0 -1.04599e-06 5.00535e-05 0.000139616 
-0.0221465 0.197749 0.139624 
-1.61347e-05 0.00160739 0.000530732 
0.0295917 0 0 0 1.0842e-19 -2.71051e-20 
0 0.0295917 0 -1.0842e-19 0 -1.0842e-19 
0 0 0.0295917 0 5.42101e-20 0 
0 -1.0842e-19 0 0.000145631 -2.13717e-06 2.93438e-06 
1.0842e-19 0 1.0842e-19 -2.13717e-06 0.000247676 4.33782e-05 
0 -1.0842e-19 0 2.93438e-06 4.33782e-05 0.000130733 
-0.0309942 0.216144 0.0690066 
1.77895e-05 0.00177611 0.000335967 
0.0295917 0 0 0 0 0 
0 0.0295917 0 -5.42101e-20 0 -5.42101e-20 
0 0 0.0295917 0 0 0 
0 -5.42101e-20 -2.71051e-20 0.00013951 -4.18747e-06 2.98115e-05 
5.42101e-20 0 0 -4.18747e-06 0.000279717 2.51973e-05 
2.71051e-20 0 0 2.98115e-05 2.51973e-05 0.000149656 
-0.0401615 0.220861 0.0380741 
-2.15742e-05 0.00154474 0.000171535 
0.0295917 0 0 0 0 0 
0 0.0295917 0 0 0 0 
0 0 0.0295917 0 0 0 
0 0 -1.35525e-20 8.75195e-05 -2.89612e-06 5.50615e-06 
0 0 1.0842e-19 -2.89612e-06 0.000249993 9.67171e-06 
1.35525e-20 -1.0842e-19 0 5.50615e-06 9.67171e-06 0.000164702 
-0.0209141 0.22378 0.00950397 
7.30056e-07 0.00165702 0.000141524 
0.0295917 0 0 0 -5.42101e-20 0 
0 0.0295917 0 0 0 -1.0842e-19 
0 0 0.0295917 0 8.13152e-20 0 
0 0 0 0.000144415 1.07199e-06 -1.19623e-05 
0 0 -1.35525e-19 1.07199e-06 0.000257566 1.22502e-05 
0 1.35525e-19 0 -1.19623e-05 1.22502e-05 0.000115244 
0.0129053 0.224412 0.0022622 
-2.01476e-06 0.00175464 0.000150195 
0.0295917 0 0 0 1.0842e-19 1.35525e-20 
0 0.0295917 0 -8.13152e-20 0 0 
0 0 0.0295917 -6.77626e-21 0 0 
0 -8.13152e-20 6.77626e-21 0.000161003 -2.44003e-06 2.69172e-05 
8.13152e-20 0 0 -2.44003e-06 0.00027822 1.3712e-05 
-6.77626e-21 0 0 2.69172e-05 1.3712e-05 0.000119569 
0.0259579 0.226631 -0.0347559 
1.75588e-05 0.00156844 5.45463e-05 
0.0295917 0 0 0 -8.13152e-20 0 
0 0.0295917 0 1.0842e-19 0 0 
0 0 0.0295917 0 4.06576e-20 0 
0 2.1684e-19 0 0.000126972 6.07954e-07 2.04927e-05 
-2.1684e-19 0 2.71051e-20 6.07954e-07 0.000244786 4.18107e-06 
0 -2.71051e-20 0 2.04927e-05 4.18107e-06 0.000118118 
0.0599133 0.225046 -0.0488355 
0.000167629 0.00160137 3.50791e-05 
0.0295917 0 0 0 0 -6.77626e-21 
0 0.0295917 0 6.77626e-21 0 -1.0842e-19 
0 0 0.0295917 0 1.0842e-19 0 
0 -1.01644e-19 0 0.000146987 1.12715e-05 4.31622e-05 
1.01644e-19 0 1.0842e-19 1.12715e-05 0.000262546 -1.32351e-06 
0 -1.0842e-19 0 4.31622e-05 -1.32351e-06 0.000117861 
0.070987 0.224778 -0.0864026 
0.00016121 0.00154323 3.94292e-05 
0.0295917 0 0 0 6.77626e-21 0 
0 0.0295917 0 0 0 0 
0 0 0.0295917 -6.77626e-21 0 0 
0 0 -6.77626e-21 0.000137958 1.0635e-05 2.82946e-05 
0 0 2.71051e-20 1.0635e-05 0.000245561 5.4033e-07 
6.77626e-21 -2.71051e-20 0 2.82946e-05 5.4033e-07 0.000109852 
0.101988 0.218643 -0.100661 
0.000425428 0.00139999 -3.03645e-05 
0.0295917 0 0 0 0 -2.71051e-20 
0 0.0295917 0 0 0 -1.0842e-19 
0 0 0.0295917 0 1.0842e-19 0 
0 0 0 0.000131023 2.92613e-05 9.17271e-06 
0 0 0 2.92613e-05 0.00021765 -5.43376e-06 
0 0 0 9.17271e-06 -5.43376e-06 0.000104647 
0.111775 0.217099 -0.134236 
0.000378957 0.00136479 0.000137675 
0.0295917 0 0 0 1.0842e-19 0 
0 0.0295917 0 -1.0842e-19 0 1.0842e-19 
0 0 0.0295917 -1.35525e-20 -5.42101e-20 0 
0 0 1.35525e-20 0.000119371 2.64298e-05 1.81818e-05 
0 0 -5.42101e-20 2.64298e-05 0.000213198 6.18988e-06 
-1.35525e-20 5.42101e-20 0 1.81818e-05 6.18988e-06 0.000109754 
0.139915 0.20411 -0.141608 
0.000774818 0.00104149 2.6951e-05 
0.0295917 0 0 0 0 0 
0 0.0295917 0 5.42101e-20 0 0 
0 0 0.0295917 0 0 0 
0 1.0842e-19 5.42101e-20 0.000136752 4.76413e-05 -6.43167e-06 
-1.0842e-19 0 0 4.76413e-05 0.000164932 7.40154e-06 
-5.42101e-20 0 0 -6.43167e-06 7.40154e-06 9.94486e-05 
0.150749 0.192697 -0.167506 
0.000816069 0.00092224 -0.000226859 
