3 3961
0.215214 0.152504 0.0997849 
0.00112117 0.00107454 0.000420579 
0.000295917 0 0 0 8.47033e-22 0 
0 0.000295917 0 -1.69407e-21 0 4.23516e-22 
0 0 0.000295917 0 0 0 
0 0 -4.23516e-22 1.81699e-06 5.85976e-07 4.1939e-07 
0 0 0 5.85976e-07 1.91288e-06 2.97295e-08 
4.23516e-22 0 0 4.1939e-07 2.97295e-08 1.34197e-06 
0.199204 0.173587 0.0803926 
0.00108449 0.00129096 0.00033018 
0.000295917 0 0 0 -1.69407e-21 4.23516e-22 
0 0.000295917 0 1.90582e-21 0 0 
0 0 0.000295917 0 8.47033e-22 0 
0 0 0 2.04004e-06 4.92662e-07 2.85899e-07 
0 0 8.47033e-22 4.92662e-07 2.25749e-06 1.64952e-07 
0 -8.47033e-22 0 2.85899e-07 1.64952e-07 1.12956e-06 
0.208289 0.173906 0.0431665 
0.000974201 0.00113334 0.000193086 
0.000295917 0 0 0 -6.35275e-22 0 
0 0.000295917 0 0 0 8.47033e-22 
0 0 0.000295917 4.23516e-22 -4.23516e-22 0 
0 0 0 1.70766e-06 5.10493e-07 1.38682e-07 
0 0 -6.35275e-22 5.10493e-07 1.87416e-06 9.42276e-08 
0 6.35275e-22 0 1.38682e-07 9.42276e-08 1.07624e-06 
0.231113 0.152595 0.0295803 
0.00121205 0.00101009 0.000117472 
0.000295917 0 0 0 0 -4.23516e-22 
0 0.000295917 0 0 0 -4.23516e-22 
0 0 0.000295917 8.47033e-22 0 0 
0 8.47033e-22 0 1.96581e-06 5.59391e-07 1.32179e-07 
-8.47033e-22 0 8.47033e-22 5.59391e-07 1.77449e-06 -7.94288e-09 
0 -8.47033e-22 0 1.32179e-07 -7.94288e-09 1.1493e-06 
0.245884 0.129695 0.049273 
0.00130805 0.000909124 0.000224139 
0.000295917 0 0 0 0 8.47033e-22 
0 0.000295917 0 2.11758e-22 0 0 
0 0 0.000295917 -8.47033e-22 -8.47033e-22 0 
0 -6.35275e-22 -8.47033e-22 2.03188e-06 6.05867e-07 1.98823e-07 
6.35275e-22 0 -8.47033e-22 6.05867e-07 1.61532e-06 -3.6235e-11 
8.47033e-22 8.47033e-22 0 1.98823e-07 -3.6235e-11 1.32687e-06 
0.23907 0.129923 0.0822514 
0.00122263 0.000852582 0.000286527 
0.000295917 0 0 0 0 0 
0 0.000295917 0 0 0 -4.23516e-22 
0 0 0.000295917 4.23516e-22 0 0 
0 0 8.47033e-22 1.88798e-06 5.96309e-07 2.05242e-07 
0 0 8.47033e-22 5.96309e-07 1.48084e-06 4.74327e-08 
-8.47033e-22 -8.47033e-22 0 2.05242e-07 4.74327e-08 1.33499e-06 
0.253227 0.102409 0.0989225 
0.00133419 0.000851388 0.000354521 
0.000295917 0 0 0 -8.47033e-22 -4.23516e-22 
0 0.000295917 0 6.88214e-22 0 8.47033e-22 
0 0 0.000295917 0 -8.47033e-22 0 
0 -1.58819e-22 -1.69407e-21 2.06051e-06 6.50531e-07 2.07556e-07 
1.58819e-22 0 0 6.50531e-07 1.47294e-06 9.22563e-08 
1.69407e-21 0 0 2.07556e-07 9.22563e-08 1.52812e-06 
0.247162 0.0987959 0.128937 
0.0011913 0.00076094 0.000349875 
0.000295917 0 0 0 -1.58819e-22 0 
0 0.000295917 0 0 0 -8.47033e-22 
0 0 0.000295917 0 4.23516e-22 0 
0 -8.47033e-22 0 1.88182e-06 6.40138e-07 1.29949e-07 
8.47033e-22 0 -4.23516e-22 6.40138e-07 1.2504e-06 1.65932e-07 
0 4.23516e-22 0 1.29949e-07 1.65932e-07 1.52552e-06 
0.226536 0.118427 0.146356 
0.00101161 0.000838463 0.00045614 
0.000295917 0 0 0 0 0 
0 0.000295917 0 0 0 -4.23516e-22 
0 0 0.000295917 -1.05879e-22 0 0 
0 0 -1.58819e-22 1.68235e-06 4.05635e-07 2.99193e-07 
0 0 0 4.05635e-07 1.54316e-06 2.22236e-07 
1.58819e-22 0 0 2.99193e-07 2.22236e-07 1.08142e-06 
0.208745 0.14462 0.133875 
0.00113981 0.00108183 0.000507153 
0.000295917 0 0 0 0 0 
0 0.000295917 0 0 0 -8.47033e-22 
0 0 0.000295917 0 4.23516e-22 0 
0 0 0 1.91869e-06 5.7853e-07 1.87557e-07 
0 0 -4.23516e-22 5.7853e-07 1.78178e-06 3.41141e-07 
0 4.23516e-22 0 1.87557e-07 3.41141e-07 1.40201e-06 
0.185536 0.155017 0.155412 
0.000905738 0.001129 0.000629828 
0.000295917 0 0 0 8.47033e-22 0 
0 0.000295917 0 0 0 4.23516e-22 
0 0 0.000295917 0 -8.47033e-22 0 
0 0 0 1.87521e-06 3.57099e-07 2.72009e-07 
0 0 -1.69407e-21 3.57099e-07 1.93877e-06 5.09508e-07 
0 1.69407e-21 0 2.72009e-07 5.09508e-07 1.20499e-06 
0.172484 0.188942 0.0891477 
0.000654108 0.00133204 0.000375458 
0.000295917 0 0 0 1.69407e-21 4.23516e-22 
0 0.000295917 0 -1.69407e-21 0 4.23516e-22 
0 0 0.000295917 -2.11758e-22 0 0 
0 -1.69407e-21 2.11758e-22 1.66774e-06 3.87115e-07 -3.31023e-08 
1.69407e-21 0 0 3.87115e-07 2.13398e-06 4.00903e-07 
-2.11758e-22 0 0 -3.31023e-08 4.00903e-07 1.07243e-06 
0.159974 0.174609 0.14688 
0.000675576 0.00146724 0.000594 
0.000295917 0 0 0 0 4.23516e-22 
0 0.000295917 0 4.23516e-22 0 0 
0 0 0.000295917 -4.23516e-22 0 0 
0 8.47033e-22 4.23516e-22 1.48807e-06 4.01121e-07 3.6713e-07 
-8.47033e-22 0 1.69407e-21 4.01121e-07 2.37261e-06 3.08119e-07 
-4.23516e-22 -1.69407e-21 0 3.6713e-07 3.08119e-07 1.5034e-06 
0.15416 0.188333 0.117839 
0.000588369 0.00132913 0.000474509 
0.000295917 0 0 0 0 0 
0 0.000295917 0 8.47033e-22 0 -8.47033e-22 
0 0 0.000295917 0 4.23516e-22 0 
0 0 -6.35275e-22 1.14542e-06 4.93531e-07 1.98241e-07 
0 0 0 4.93531e-07 2.12472e-06 2.15683e-07 
6.35275e-22 0 0 1.98241e-07 2.15683e-07 1.57024e-06 
0.15107 0.203035 0.0629634 
0.000457934 0.0013468 0.000156968 
0.000295917 0 0 0 0 -2.11758e-22 
0 0.000295917 0 4.23516e-22 0 0 
0 0 0.000295917 0 0 0 
0 4.23516e-22 -4.23516e-22 1.05408e-06 4.26471e-07 -1.12859e-07 
-4.23516e-22 0 0 4.26471e-07 2.10806e-06 1.42391e-07 
4.23516e-22 0 0 -1.12859e-07 1.42391e-07 1.37719e-06 
0.15819 0.204052 0.0320997 
0.000534903 0.00156282 0.000167884 
0.000295917 0 0 0 4.23516e-22 0 
0 0.000295917 0 0 0 0 
0 0 0.000295917 0 -4.23516e-22 0 
0 0 0 1.32391e-06 4.27678e-07 -2.51037e-08 
0 0 0 4.27678e-07 2.40485e-06 1.33546e-07 
0 0 0 -2.51037e-08 1.33546e-07 1.40239e-06 
0.18869 0.190278 0.0210578 
0.000842713 0.00133424 2.34529e-05 
0.000295917 0 0 0 0 -4.23516e-22 
0 0.000295917 0 0 0 0 
0 0 0.000295917 8.47033e-22 0 0 
0 -8.47033e-22 0 1.58207e-06 5.33777e-07 1.58145e-08 
8.47033e-22 0 0 5.33777e-07 2.09028e-06 1.1891e-08 
0 0 0 1.58145e-08 1.1891e-08 1.1829e-06 
0.194523 0.186007 -0.0133013 
0.000842224 0.00130766 -6.57936e-05 
0.000295917 0 0 0 -8.47033e-22 8.47033e-22 
0 0.000295917 0 0 0 0 
0 0 0.000295917 -4.23516e-22 4.23516e-22 0 
0 0 4.23516e-22 1.53852e-06 5.64399e-07 8.12826e-08 
0 0 -8.47033e-22 5.64399e-07 2.03936e-06 -1.1119e-07 
-4.23516e-22 8.47033e-22 0 8.12826e-08 -1.1119e-07 1.23906e-06 
0.236704 0.147328 -0.00649878 
0.00125405 0.00102086 -3.18123e-05 
0.000295917 0 0 0 -2.11758e-22 0 
0 0.000295917 0 0 0 0 
0 0 0.000295917 0 -2.11758e-22 0 
0 0 0 2.05274e-06 5.77881e-07 9.96383e-08 
0 0 -4.23516e-22 5.77881e-07 1.80564e-06 -1.64085e-07 
0 4.23516e-22 0 9.96383e-08 -1.64085e-07 1.18289e-06 
0.219713 0.164369 -0.0272718 
0.00108988 0.00108566 -0.000157341 
0.000295917 0 0 0 0 4.23516e-22 
0 0.000295917 0 0 0 4.23516e-22 
0 0 0.000295917 -8.47033e-22 0 0 
0 8.47033e-22 0 1.87084e-06 5.707e-07 7.65688e-08 
-8.47033e-22 0 0 5.707e-07 1.81774e-06 -2.59519e-07 
0 0 0 7.65688e-08 -2.59519e-07 1.16797e-06 
0.255603 0.121045 -0.0195323 
0.00125433 0.000832354 -6.81636e-05 
0.000295917 0 0 0 0 0 
0 0.000295917 0 0 0 -2.11758e-22 
0 0 0.000295917 0 0 0 
0 1.69407e-21 0 2.00108e-06 4.91879e-07 -1.05798e-08 
-1.69407e-21 0 4.23516e-22 4.91879e-07 1.57972e-06 -8.66465e-08 
0 -4.23516e-22 0 -1.05798e-08 -8.66465e-08 1.07532e-06 
0.269491 0.099082 0.00136306 
0.00134111 0.000763892 2.08483e-05 
0.000295917 0 0 0 0 1.69407e-21 
0 0.000295917 0 -1.05879e-22 0 0 
0 0 0.000295917 -1.69407e-21 0 0 
0 -1.05879e-22 0 2.06655e-06 5.80729e-07 5.37098e-08 
1.05879e-22 0 0 5.80729e-07 1.38041e-06 -6.56707e-08 
0 0 0 5.37098e-08 -6.56707e-08 1.34937e-06 
0.265363 0.102465 0.0340893 
0.00136771 0.00079074 0.000160147 
0.000295917 0 0 0 0 -8.47033e-22 
0 0.000295917 0 0 0 0 
0 0 0.000295917 8.47033e-22 0 0 
0 1.69407e-21 0 2.10578e-06 5.77034e-07 1.21608e-07 
-1.69407e-21 0 0 5.77034e-07 1.45284e-06 1.34507e-08 
0 0 0 1.21608e-07 1.34507e-08 1.34865e-06 
0.278237 0.0756902 0.0524121 
0.00137667 0.000763157 0.000182297 
0.000295917 0 0 0 0 -8.47033e-22 
0 0.000295917 0 -2.11758e-22 0 4.23516e-22 
0 0 0.000295917 0 -8.47033e-22 0 
0 -2.11758e-22 0 2.11685e-06 5.83437e-07 1.4016e-07 
2.11758e-22 0 0 5.83437e-07 1.40604e-06 1.33504e-09 
0 0 0 1.4016e-07 1.33504e-09 1.39478e-06 
0.272914 0.0754059 0.0842669 
0.00130569 0.000729353 0.000279209 
0.000295917 0 0 0 8.47033e-22 8.47033e-22 
0 0.000295917 0 -8.47033e-22 0 -2.11758e-22 
0 0 0.000295917 -4.23516e-22 4.23516e-22 0 
0 0 8.47033e-22 2.0246e-06 5.62904e-07 1.38368e-07 
0 0 -4.23516e-22 5.62904e-07 1.31364e-06 1.23479e-07 
-8.47033e-22 4.23516e-22 0 1.38368e-07 1.23479e-07 1.39901e-06 
0.259702 0.0708255 0.148493 
0.00117013 0.000773669 0.000330781 
0.000295917 0 0 0 0 8.47033e-22 
0 0.000295917 0 4.23516e-22 0 0 
0 0 0.000295917 -8.47033e-22 0 0 
0 8.47033e-22 0 1.95519e-06 4.23047e-07 1.15675e-07 
-8.47033e-22 0 0 4.23047e-07 1.48772e-06 3.2755e-07 
0 0 0 1.15675e-07 3.2755e-07 1.09229e-06 
0.277536 0.0466787 0.13866 
0.00131811 0.000792987 0.000334784 
0.000295917 0 0 0 0 0 
0 0.000295917 0 -8.47033e-22 0 0 
0 0 0.000295917 4.23516e-22 0 0 
0 -8.47033e-22 -8.47033e-22 2.11343e-06 4.75474e-07 1.56262e-07 
8.47033e-22 0 0 4.75474e-07 1.54175e-06 2.5364e-07 
8.47033e-22 0 0 1.56262e-07 2.5364e-07 1.22315e-06 
0.284683 0.0476461 0.104449 
0.00132632 0.000780056 0.000262157 
0.000295917 0 0 0 -8.47033e-22 -4.23516e-22 
0 0.000295917 0 4.23516e-22 0 0 
0 0 0.000295917 0 0 0 
0 4.23516e-22 0 2.12113e-06 4.79711e-07 1.00166e-07 
-4.23516e-22 0 8.47033e-22 4.79711e-07 1.52636e-06 2.41188e-07 
0 -8.47033e-22 0 1.00166e-07 2.41188e-07 1.19864e-06 
0.248185 0.0731911 0.179272 
0.00111148 0.000764034 0.000404767 
0.000295917 0 0 0 4.23516e-22 -8.47033e-22 
0 0.000295917 0 -8.47033e-22 0 0 
0 0 0.000295917 4.23516e-22 -2.11758e-22 0 
0 -8.47033e-22 4.23516e-22 1.71286e-06 5.49568e-07 2.90842e-07 
8.47033e-22 0 4.23516e-22 5.49568e-07 1.37192e-06 4.74607e-08 
-4.23516e-22 -4.23516e-22 0 2.90842e-07 4.74607e-08 1.30832e-06 
0.226873 0.102044 0.177548 
0.00103617 0.000871589 0.000419874 
0.000295917 0 0 0 0 -8.47033e-22 
0 0.000295917 0 0 0 8.47033e-22 
0 0 0.000295917 0 -8.47033e-22 0 
0 0 0 1.9064e-06 5.96931e-07 -5.74559e-08 
0 0 0 5.96931e-07 1.42347e-06 5.23364e-07 
0 0 0 -5.74559e-08 5.23364e-07 1.44061e-06 
0.210148 0.109271 0.199069 
0.00107028 0.00101606 0.000583311 
0.000295917 0 0 0 0 0 
0 0.000295917 0 0 0 0 
0 0 0.000295917 -4.23516e-22 0 0 
0 0 0 1.98424e-06 5.83624e-07 5.10139e-08 
0 0 -4.23516e-22 5.83624e-07 1.63506e-06 5.50898e-07 
0 4.23516e-22 0 5.10139e-08 5.50898e-07 1.5129e-06 
0.186603 0.13605 0.189414 
0.00086628 0.00109762 0.000556684 
0.000295917 0 0 0 -6.35275e-22 8.47033e-22 
0 0.000295917 0 8.47033e-22 0 0 
0 0 0.000295917 -8.47033e-22 0 0 
0 -8.47033e-22 0 1.78775e-06 5.20198e-07 -1.07314e-08 
8.47033e-22 0 0 5.20198e-07 1.74423e-06 5.62305e-07 
0 0 0 -1.07314e-08 5.62305e-07 1.34797e-06 
0.166218 0.138362 0.211302 
0.000767126 0.00119109 0.00072274 
0.000295917 0 0 0 0 -8.47033e-22 
0 0.000295917 0 0 0 0 
0 0 0.000295917 4.23516e-22 4.23516e-22 0 
0 0 -4.23516e-22 1.78214e-06 4.59372e-07 5.36592e-08 
0 0 4.23516e-22 4.59372e-07 1.86544e-06 6.33902e-07 
4.23516e-22 -4.23516e-22 0 5.36592e-08 6.33902e-07 1.44431e-06 
0.13249 0.17408 0.171429 
0.000408571 0.00127543 0.000678798 
0.000295917 0 0 0 0 0 
0 0.000295917 0 0 0 8.47033e-22 
0 0 0.000295917 4.23516e-22 -1.27055e-21 0 
0 0 0 1.25026e-06 2.4859e-07 1.70697e-07 
0 0 8.47033e-22 2.4859e-07 1.99453e-06 4.42893e-07 
0 -8.47033e-22 0 1.70697e-07 4.42893e-07 1.37496e-06 
0.137668 0.156802 0.201849 
0.000435217 0.00139793 0.000696066 
0.000295917 0 0 0 0 4.23516e-22 
0 0.000295917 0 0 0 -4.23516e-22 
0 0 0.000295917 -4.23516e-22 0 0 
0 4.23516e-22 4.23516e-22 1.40988e-06 3.09581e-07 6.1712e-08 
-4.23516e-22 0 0 3.09581e-07 2.15329e-06 5.08693e-07 
-4.23516e-22 0 0 6.1712e-08 5.08693e-07 1.44276e-06 
0.120827 0.201104 0.109548 
0.000241177 0.0013895 0.000377854 
0.000295917 0 0 0 0 0 
0 0.000295917 0 1.05879e-22 0 -4.23516e-22 
0 0 0.000295917 0 0 0 
0 2.11758e-22 -2.11758e-22 1.1889e-06 2.4832e-07 -2.00495e-07 
-2.11758e-22 0 0 2.4832e-07 2.17463e-06 3.22532e-07 
2.11758e-22 0 0 -2.00495e-07 3.22532e-07 1.24735e-06 
0.119329 0.209022 0.0759658 
0.000243992 0.00144828 0.000269616 
0.000295917 0 0 0 8.47033e-22 0 
0 0.000295917 0 -1.69407e-21 0 4.23516e-22 
0 0 0.000295917 0 0 0 
0 0 0 1.26167e-06 1.36865e-07 2.39466e-07 
0 0 8.47033e-22 1.36865e-07 2.2814e-06 1.83869e-07 
0 -8.47033e-22 0 2.39466e-07 1.83869e-07 1.1343e-06 
0.0955018 0.198934 0.128241 
0.000160394 0.00152704 0.000504754 
0.000295917 0 0 0 0 0 
0 0.000295917 0 0 0 0 
0 0 0.000295917 0 -4.23516e-22 0 
0 0 0 1.25963e-06 1.68363e-07 -1.1327e-07 
0 0 8.47033e-22 1.68363e-07 2.36253e-06 3.80807e-07 
0 -8.47033e-22 0 -1.1327e-07 3.80807e-07 1.39002e-06 
0.101351 0.185635 0.161081 
0.000171037 0.0014802 0.00065404 
0.000295917 0 0 0 0 0 
0 0.000295917 0 -2.11758e-22 0 -4.23516e-22 
0 0 0.000295917 0 0 0 
0 -2.11758e-22 -4.23516e-22 1.28769e-06 1.61106e-07 -4.45838e-08 
2.11758e-22 0 -1.69407e-21 1.61106e-07 2.28364e-06 4.73462e-07 
4.23516e-22 1.69407e-21 0 -4.45838e-08 4.73462e-07 1.45159e-06 
0.0922777 0.215151 0.0596315 
0.000152264 0.00160605 0.000220179 
0.000295917 0 0 0 -1.69407e-21 0 
0 0.000295917 0 1.19114e-21 0 0 
0 0 0.000295917 0 0 0 
0 -4.76456e-22 0 1.27862e-06 9.65157e-08 1.53939e-07 
4.76456e-22 0 0 9.65157e-08 2.48865e-06 1.565e-07 
0 0 0 1.53939e-07 1.565e-07 1.27123e-06 
0.0982721 0.21826 0.0241284 
0.00015082 0.00161597 0.000113152 
0.000295917 0 0 0 -5.02926e-22 0 
0 0.000295917 0 0 0 0 
0 0 0.000295917 0 4.23516e-22 0 
0 -1.69407e-21 0 1.28421e-06 9.83269e-08 3.25933e-07 
1.69407e-21 0 -4.23516e-22 9.83269e-08 2.56899e-06 5.85727e-08 
0 4.23516e-22 0 3.25933e-07 5.85727e-08 1.31133e-06 
0.132444 0.213147 0.00959909 
0.0003711 0.00147933 2.51771e-05 
0.000295917 0 0 0 0 0 
0 0.000295917 0 2.11758e-22 0 0 
0 0 0.000295917 0 0 0 
0 8.47033e-22 0 1.11874e-06 3.11587e-07 4.36336e-08 
-8.47033e-22 0 0 3.11587e-07 2.28551e-06 6.76206e-09 
0 0 0 4.36336e-08 6.76206e-09 1.32333e-06 
0.141323 0.21066 -0.023593 
0.000421246 0.00162707 -4.59947e-05 
0.000295917 0 0 0 2.11758e-22 0 
0 0.000295917 0 0 0 0 
0 0 0.000295917 0 0 0 
0 0 0 1.32752e-06 3.34002e-07 1.28218e-07 
0 0 -8.47033e-22 3.34002e-07 2.51521e-06 -6.82237e-08 
0 8.47033e-22 0 1.28218e-07 -6.82237e-08 1.36449e-06 
0.172903 0.197294 -0.0354515 
0.000769029 0.00135781 -0.000148722 
0.000295917 0 0 0 0 0 
0 0.000295917 0 2.11758e-22 0 0 
0 0 0.000295917 0 0 0 
0 -6.35275e-22 0 1.53453e-06 5.07429e-07 4.27795e-08 
6.35275e-22 0 0 5.07429e-07 2.11738e-06 -1.58922e-07 
0 0 0 4.27795e-08 -1.58922e-07 1.19245e-06 
0.18094 0.18815 -0.0687486 
0.000746685 0.00129043 -0.000212603 
0.000295917 0 0 0 2.11758e-22 0 
0 0.000295917 0 0 0 0 
0 0 0.000295917 -1.58819e-22 -4.23516e-22 0 
0 0 -1.05879e-22 1.43345e-06 5.57746e-07 1.14192e-07 
0 0 -4.23516e-22 5.57746e-07 2.00216e-06 -2.42489e-07 
1.05879e-22 4.23516e-22 0 1.14192e-07 -2.42489e-07 1.29407e-06 
0.207302 0.16355 -0.0817422 
0.0011885 0.00105023 -0.000292601 
0.000295917 0 0 0 0 6.88214e-22 
0 0.000295917 0 0 0 -4.23516e-22 
0 0 0.000295917 -8.47033e-22 0 0 
0 0 0 2.11467e-06 6.80432e-07 1.56483e-07 
0 0 0 6.80432e-07 1.76477e-06 -5.11977e-07 
0 0 0 1.56483e-07 -5.11977e-07 1.4754e-06 
0.224455 0.151055 -0.0624157 
0.00110011 0.00107393 -0.000365268 
0.000295917 0 0 0 -4.23516e-22 -8.47033e-22 
0 0.000295917 0 0 0 0 
0 0 0.000295917 6.35275e-22 2.11758e-22 0 
0 -1.69407e-21 -2.11758e-22 2.06277e-06 6.37986e-07 1.41678e-07 
1.69407e-21 0 2.11758e-22 6.37986e-07 1.79462e-06 -5.59697e-07 
2.11758e-22 -2.11758e-22 0 1.41678e-07 -5.59697e-07 1.41967e-06 
0.24739 0.118878 -0.0749435 
0.00140154 0.00101595 -0.000422719 
0.000295917 0 0 0 0 -2.11758e-22 
0 0.000295917 0 -8.47033e-22 0 2.11758e-22 
0 0 0.000295917 0 0 0 
0 0 0 2.35555e-06 7.84332e-07 1.15788e-08 
0 0 8.47033e-22 7.84332e-07 1.64498e-06 -4.65311e-07 
0 -8.47033e-22 0 1.15788e-08 -4.65311e-07 1.84068e-06 
0.261547 0.105908 -0.0528332 
0.00128917 0.000814454 -0.000226385 
0.000295917 0 0 0 -1.05879e-21 0 
0 0.000295917 0 1.69407e-21 0 0 
0 0 0.000295917 -4.23516e-22 1.05879e-22 0 
0 1.69407e-21 -2.11758e-22 2.25891e-06 6.62235e-07 1.53064e-07 
-1.69407e-21 0 -7.94093e-22 6.62235e-07 1.45283e-06 -5.37287e-07 
2.11758e-22 7.94093e-22 0 1.53064e-07 -5.37287e-07 1.58907e-06 
0.28105 0.0734852 -0.0498186 
0.00137569 0.00074739 -0.000216441 
0.000295917 0 0 0 1.69407e-21 -4.23516e-22 
0 0.000295917 0 -1.11173e-21 0 1.05879e-22 
0 0 0.000295917 0 0 0 
0 -1.16467e-21 0 2.20705e-06 5.83709e-07 -3.50999e-07 
1.16467e-21 0 8.47033e-22 5.83709e-07 1.58996e-06 2.93453e-07 
0 -8.47033e-22 0 -3.50999e-07 2.93453e-07 1.36177e-06 
0.285469 0.0703873 -0.0149817 
0.00134326 0.000717853 1.88713e-06 
0.000295917 0 0 0 0 4.23516e-22 
0 0.000295917 0 0 0 0 
0 0 0.000295917 0 0 0 
0 0 0 2.11785e-06 4.8431e-07 9.63478e-08 
0 0 -4.23516e-22 4.8431e-07 1.47102e-06 -1.77101e-07 
0 4.23516e-22 0 9.63478e-08 -1.77101e-07 1.16474e-06 
0.298613 0.0453323 0.00199221 
0.00147169 0.00076867 1.2489e-05 
0.000295917 0 0 0 1.69407e-21 8.47033e-22 
0 0.000295917 0 -1.0224e-21 0 0 
0 0 0.000295917 -1.69407e-21 0 0 
0 -1.0224e-21 0 2.28707e-06 5.26058e-07 5.89792e-08 
1.0224e-21 0 0 5.26058e-07 1.55665e-06 -9.21014e-08 
0 0 0 5.89792e-08 -9.21014e-08 1.28095e-06 
0.295509 0.0472523 0.0366598 
0.00137688 0.000719622 0.000160119 
0.000295917 0 0 0 8.47033e-22 -4.23516e-22 
0 0.000295917 0 -8.47033e-22 0 -4.23516e-22 
0 0 0.000295917 0 4.23516e-22 0 
0 -8.47033e-22 -8.47033e-22 2.12188e-06 5.26856e-07 1.49411e-07 
8.47033e-22 0 0 5.26856e-07 1.41463e-06 -3.62473e-08 
8.47033e-22 0 0 1.49411e-07 -3.62473e-08 1.29272e-06 
0.306794 0.0218084 0.0563389 
0.00139904 0.000751899 0.000150675 
0.000295917 0 0 0 -8.47033e-22 -1.69407e-21 
0 0.000295917 0 8.47033e-22 0 4.23516e-22 
0 0 0.000295917 8.47033e-22 0 0 
0 -8.47033e-22 0 2.20729e-06 4.57687e-07 1.15447e-07 
8.47033e-22 0 -8.47033e-22 4.57687e-07 1.60314e-06 5.46655e-08 
0 8.47033e-22 0 1.15447e-07 5.46655e-08 1.12097e-06 
0.30129 0.0224865 0.0922732 
0.00134329 0.000738459 0.000241237 
0.000295917 0 0 0 0 8.47033e-22 
0 0.000295917 0 0 0 0 
0 0 0.000295917 -1.27055e-21 0 0 
0 0 8.47033e-22 2.14253e-06 4.37648e-07 1.27363e-07 
0 0 4.23516e-22 4.37648e-07 1.54845e-06 1.88095e-07 
-8.47033e-22 -4.23516e-22 0 1.27363e-07 1.88095e-07 1.12101e-06 
0.287674 0.0209816 0.163107 
0.00130512 0.000845147 0.00029923 
0.000295917 0 0 0 -8.47033e-22 4.23516e-22 
0 0.000295917 0 4.23516e-22 0 0 
0 0 0.000295917 0 0 0 
0 -8.47033e-22 -8.47033e-22 2.14319e-06 4.6396e-07 1.27816e-07 
8.47033e-22 0 -8.47033e-22 4.6396e-07 1.65964e-06 2.73476e-07 
8.47033e-22 8.47033e-22 0 1.27816e-07 2.73476e-07 1.14305e-06 
0.255276 0.0526314 0.203207 
0.00121311 0.000921572 0.00035446 
0.000295917 0 0 0 -8.47033e-22 -8.47033e-22 
0 0.000295917 0 4.23516e-22 0 0 
0 0 0.000295917 8.47033e-22 0 0 
0 -4.23516e-22 -8.47033e-22 1.89926e-06 5.89005e-07 2.17229e-07 
4.23516e-22 0 0 5.89005e-07 1.58581e-06 1.27479e-07 
8.47033e-22 0 0 2.17229e-07 1.27479e-07 1.3353e-06 
0.276932 0.0245687 0.196875 
0.00128384 0.000847539 0.000344589 
0.000295917 0 0 0 -4.23516e-22 0 
0 0.000295917 0 0 0 8.47033e-22 
0 0 0.000295917 4.23516e-22 -4.23516e-22 0 
0 0 8.47033e-22 1.99045e-06 5.68548e-07 2.87517e-07 
0 0 4.23516e-22 5.68548e-07 1.57349e-06 2.02394e-08 
-8.47033e-22 -4.23516e-22 0 2.87517e-07 2.02394e-08 1.32196e-06 
0.311474 -0.00327389 0.116398 
0.00140163 0.000796562 0.000239163 
0.000295917 0 0 0 0 4.23516e-22 
0 0.000295917 0 0 0 -4.23516e-22 
0 0 0.000295917 0 0 0 
0 0 0 2.31909e-06 4.28282e-07 9.14231e-08 
0 0 0 4.28282e-07 1.73933e-06 2.83594e-07 
0 0 0 9.14231e-08 2.83594e-07 1.09775e-06 
0.305005 -0.00381141 0.15302 
0.00134223 0.000774428 0.000268535 
0.000295917 0 0 0 0 -4.23516e-22 
0 0.000295917 0 0 0 3.17637e-22 
0 0 0.000295917 4.23516e-22 -4.23516e-22 0 
0 8.47033e-22 0 2.18314e-06 4.33462e-07 1.2522e-07 
-8.47033e-22 0 0 4.33462e-07 1.62051e-06 2.49479e-07 
0 0 0 1.2522e-07 2.49479e-07 1.11293e-06 
0.239685 0.0602785 0.232237 
0.00113171 0.000901386 0.000424636 
0.000295917 0 0 0 4.23516e-22 8.47033e-22 
0 0.000295917 0 0 0 0 
0 0 0.000295917 -4.23516e-22 -2.11758e-22 0 
0 0 6.35275e-22 1.75739e-06 6.25967e-07 2.50785e-07 
0 0 -4.23516e-22 6.25967e-07 1.5091e-06 1.16857e-07 
-6.35275e-22 4.23516e-22 0 2.50785e-07 1.16857e-07 1.43364e-06 
0.21587 0.0880642 0.229823 
0.00100044 0.000999601 0.000421323 
0.000295917 0 0 0 -4.23516e-22 8.47033e-22 
0 0.000295917 0 0 0 0 
0 0 0.000295917 -8.47033e-22 0 0 
0 -1.69407e-21 -8.47033e-22 1.76459e-06 6.15656e-07 -1.44004e-08 
1.69407e-21 0 0 6.15656e-07 1.57909e-06 4.23265e-07 
8.47033e-22 0 0 -1.44004e-08 4.23265e-07 1.40365e-06 
0.197752 0.0941449 0.252935 
0.000974697 0.00110565 0.000573122 
0.000295917 0 0 0 0 0 
0 0.000295917 0 0 0 0 
0 0 0.000295917 0 4.23516e-22 0 
0 0 0 1.8163e-06 5.67092e-07 7.00685e-08 
0 0 -4.23516e-22 5.67092e-07 1.7473e-06 4.89149e-07 
0 4.23516e-22 0 7.00685e-08 4.89149e-07 1.43796e-06 
0.171646 0.117664 0.244068 
0.000747903 0.00123267 0.000557409 
0.000295917 0 0 0 -6.35275e-22 0 
0 0.000295917 0 8.47033e-22 0 0 
0 0 0.000295917 0 -8.47033e-22 0 
0 -8.47033e-22 8.47033e-22 1.68096e-06 5.05177e-07 -4.81317e-08 
8.47033e-22 0 0 5.05177e-07 1.9269e-06 5.40254e-07 
-8.47033e-22 0 0 -4.81317e-08 5.40254e-07 1.34755e-06 
0.150954 0.11915 0.266097 
0.000687628 0.00125306 0.0006233 
0.000295917 0 0 0 0 -8.47033e-22 
0 0.000295917 0 0 0 0 
0 0 0.000295917 4.23516e-22 0 0 
0 0 -4.23516e-22 1.6601e-06 4.75715e-07 -3.57686e-08 
0 0 0 4.75715e-07 1.9482e-06 5.73617e-07 
4.23516e-22 0 0 -3.57686e-08 5.73617e-07 1.38085e-06 
0.121331 0.135964 0.255466 
0.000385299 0.00140849 0.000596627 
0.000295917 0 0 0 0 4.23516e-22 
0 0.000295917 0 -2.11758e-22 0 -8.47033e-22 
0 0 0.000295917 -2.11758e-22 0 0 
0 -2.11758e-22 -2.11758e-22 1.39095e-06 3.17351e-07 -5.87223e-08 
2.11758e-22 0 0 3.17351e-07 2.16915e-06 4.82001e-07 
2.11758e-22 0 0 -5.87223e-08 4.82001e-07 1.36016e-06 
0.113473 0.152917 0.223984 
0.000386151 0.00131617 0.000678032 
0.000295917 0 0 0 8.47033e-22 0 
0 0.000295917 0 0 0 8.47033e-22 
0 0 0.000295917 4.23516e-22 -4.23516e-22 0 
0 1.69407e-21 0 1.32587e-06 3.10313e-07 -4.45717e-09 
-1.69407e-21 0 0 3.10313e-07 2.02517e-06 5.03749e-07 
0 0 0 -4.45717e-09 5.03749e-07 1.40041e-06 
0.0812035 0.164446 0.212756 
0.000140636 0.00146263 0.000661324 
0.000295917 0 0 0 0 0 
0 0.000295917 0 0 0 4.23516e-22 
0 0 0.000295917 1.05879e-22 0 0 
0 -8.47033e-22 -3.70577e-22 1.30281e-06 1.87499e-07 -1.56359e-07 
8.47033e-22 0 0 1.87499e-07 2.27581e-06 4.9479e-07 
3.70577e-22 0 0 -1.56359e-07 4.9479e-07 1.4565e-06 
0.0742593 0.179885 0.180274 
0.000140694 0.00145517 0.000665365 
0.000295917 0 0 0 -8.47033e-22 0 
0 0.000295917 0 1.69407e-21 0 0 
0 0 0.000295917 0 4.23516e-22 0 
0 1.69407e-21 4.23516e-22 1.31128e-06 1.38414e-07 -5.51066e-08 
-1.69407e-21 0 4.23516e-22 1.38414e-07 2.24244e-06 4.95241e-07 
-4.23516e-22 -4.23516e-22 0 -5.51066e-08 4.95241e-07 1.41081e-06 
0.0626108 0.205819 0.112853 
2.98535e-05 0.00153163 0.000457108 
0.000295917 0 0 0 1.69407e-21 0 
0 0.000295917 0 -1.29702e-21 0 -4.23516e-22 
0 0 0.000295917 1.58819e-22 0 0 
0 3.97047e-22 1.58819e-22 1.32471e-06 8.29529e-08 -2.01166e-07 
-3.97047e-22 0 0 8.29529e-08 2.38951e-06 3.66176e-07 
-1.58819e-22 0 0 -2.01166e-07 3.66176e-07 1.2866e-06 
0.0608839 0.214118 0.0778253 
2.70642e-05 0.00154031 0.000267915 
0.000295917 0 0 0 0 0 
0 0.000295917 0 0 0 0 
0 0 0.000295917 0 0 0 
0 0 2.11758e-22 1.27457e-06 -2.34353e-10 1.1694e-07 
0 0 0 -2.34353e-10 2.38177e-06 2.1319e-07 
-2.11758e-22 0 0 1.1694e-07 2.1319e-07 1.18135e-06 
0.0420206 0.187587 0.16657 
1.32907e-05 0.00149146 0.000628394 
0.000295917 0 0 0 0 0 
0 0.000295917 0 -4.23516e-22 0 4.23516e-22 
0 0 0.000295917 5.29396e-23 0 0 
0 -4.23516e-22 5.29396e-23 1.2937e-06 5.01992e-08 -9.36491e-08 
4.23516e-22 0 0 5.01992e-08 2.30346e-06 4.63448e-07 
-5.29396e-23 0 0 -9.36491e-08 4.63448e-07 1.40118e-06 
0.0362218 0.200222 0.131989 
5.99269e-07 0.0016292 0.000509447 
0.000295917 0 0 0 0 0 
0 0.000295917 0 0 0 0 
0 0 0.000295917 0 4.23516e-22 0 
0 0 0 1.43795e-06 3.88363e-08 -1.22775e-07 
0 0 0 3.88363e-08 2.51912e-06 4.0963e-07 
0 0 0 -1.22775e-07 4.0963e-07 1.33738e-06 
0.0312471 0.217581 0.060005 
1.76999e-05 0.00172097 0.000291461 
0.000295917 0 0 0 0 2.11758e-22 
0 0.000295917 0 2.38228e-22 0 8.47033e-22 
0 0 0.000295917 -1.32349e-22 0 0 
0 2.38228e-22 -3.44107e-22 1.32234e-06 1.20353e-08 1.16519e-08 
-2.38228e-22 0 0 1.20353e-08 2.64743e-06 2.17569e-07 
3.44107e-22 0 0 1.16519e-08 2.17569e-07 1.39903e-06 
0.0368393 0.222262 0.0244908 
1.9567e-05 0.00169463 0.000164545 
0.000295917 0 0 0 2.38228e-22 -2.64698e-23 
0 0.000295917 0 0 0 0 
0 0 0.000295917 0 0 0 
0 0 -1.05879e-22 1.2461e-06 -1.55412e-08 3.34258e-07 
0 0 0 -1.55412e-08 2.69992e-06 1.16057e-07 
1.05879e-22 0 0 3.34258e-07 1.16057e-07 1.476e-06 
0.0724705 0.221907 0.00680793 
0.000151127 0.00159627 0.000113474 
0.000295917 0 0 0 0 3.30872e-23 
0 0.000295917 0 6.88214e-22 0 -8.47033e-22 
0 0 0.000295917 0 1.69407e-21 0 
0 7.14684e-22 1.05879e-22 1.29505e-06 9.58221e-08 3.3056e-07 
-7.14684e-22 0 0 9.58221e-08 2.54205e-06 5.98179e-08 
-1.05879e-22 0 0 3.3056e-07 5.98179e-08 1.27364e-06 
0.0824919 0.222472 -0.0295002 
0.00015371 0.00163824 2.09486e-05 
0.000295917 0 0 0 6.88214e-22 -1.05879e-22 
0 0.000295917 0 0 0 1.69407e-21 
0 0 0.000295917 5.29396e-23 -8.47033e-22 0 
0 1.69407e-21 -5.29396e-23 1.36316e-06 1.17472e-07 4.31903e-07 
-1.69407e-21 0 8.47033e-22 1.17472e-07 2.66332e-06 -2.32298e-08 
5.29396e-23 -8.47033e-22 0 4.31903e-07 -2.32298e-08 1.3216e-06 
0.117173 0.216337 -0.0453718 
0.000395638 0.00151726 -4.02109e-05 
0.000295917 0 0 0 0 0 
0 0.000295917 0 -2.11758e-22 0 0 
0 0 0.000295917 0 0 0 
0 -2.11758e-22 -4.23516e-22 1.25019e-06 3.19144e-07 2.02246e-07 
2.11758e-22 0 0 3.19144e-07 2.36811e-06 -8.3606e-08 
4.23516e-22 0 0 2.02246e-07 -8.3606e-08 1.28879e-06 
0.157783 0.197956 -0.090484 
0.000848733 0.00146822 -0.000242661 
0.000295917 0 0 0 0 0 
0 0.000295917 0 4.23516e-22 0 0 
0 0 0.000295917 0 0 0 
0 2.11758e-22 0 1.50192e-06 6.8124e-07 -7.31064e-09 
-2.11758e-22 0 0 6.8124e-07 2.2599e-06 -1.74161e-07 
0 0 0 -7.31064e-09 -1.74161e-07 1.60316e-06 
0.125595 0.212776 -0.0789658 
0.000389391 0.00147143 -7.9791e-05 
0.000295917 0 0 0 6.35275e-22 0 
0 0.000295917 0 0 0 0 
0 0 0.000295917 0 0 0 
0 0 2.11758e-22 1.21668e-06 3.03039e-07 5.82519e-08 
0 0 -8.47033e-22 3.03039e-07 2.26551e-06 -7.6818e-08 
-2.11758e-22 8.47033e-22 0 5.82519e-08 -7.6818e-08 1.21754e-06 
0.162316 0.190834 -0.119552 
0.000663247 0.00115636 -0.000164589 
0.000295917 0 0 0 4.23516e-22 -8.47033e-22 
0 0.000295917 0 -8.47033e-22 0 0 
0 0 0.000295917 4.23516e-22 0 0 
0 8.47033e-22 0 1.07902e-06 6.31527e-07 -1.61837e-07 
-8.47033e-22 0 -4.23516e-22 6.31527e-07 1.85674e-06 -9.01882e-09 
0 4.23516e-22 0 -1.61837e-07 -9.01882e-09 1.50472e-06 
0.185133 0.167224 -0.133518 
0.00109276 0.000908905 -0.000457914 
0.000295917 0 0 0 -8.47033e-22 -4.23516e-22 
0 0.000295917 0 0 0 0 
0 0 0.000295917 0 0 0 
0 -1.69407e-21 0 1.94067e-06 5.0955e-07 -6.60899e-08 
1.69407e-21 0 -4.23516e-22 5.0955e-07 1.54264e-06 -4.70261e-07 
0 4.23516e-22 0 -6.60899e-08 -4.70261e-07 1.30106e-06 
0.206962 0.149746 -0.117444 
0.00124573 0.00108063 -0.0005545 
0.000295917 0 0 0 3.17637e-22 0 
0 0.000295917 0 0 0 0 
0 0 0.000295917 0 0 0 
0 0 0 2.12844e-06 5.1011e-07 -2.89163e-07 
0 0 0 5.1011e-07 1.92596e-06 -3.61815e-07 
0 0 0 -2.89163e-07 -3.61815e-07 1.34492e-06 
0.223934 0.121525 -0.130377 
0.00126421 0.000946942 -0.000576154 
0.000295917 0 0 0 0 0 
0 0.000295917 0 -8.47033e-22 0 0 
0 0 0.000295917 0 2.11758e-22 0 
0 1.69407e-21 8.47033e-22 2.00075e-06 5.48224e-07 -4.04213e-07 
-1.69407e-21 0 4.23516e-22 5.48224e-07 1.76052e-06 -1.69592e-07 
-8.47033e-22 -4.23516e-22 0 -4.04213e-07 -1.69592e-07 1.42995e-06 
0.247209 0.103152 -0.107203 
0.00131504 0.000918353 -0.000535474 
0.000295917 0 0 0 -4.23516e-22 -8.47033e-22 
0 0.000295917 0 0 0 0 
0 0 0.000295917 6.35275e-22 0 0 
0 0 -4.23516e-22 2.04461e-06 6.04901e-07 -3.60526e-07 
0 0 0 6.04901e-07 1.67331e-06 -1.27509e-07 
4.23516e-22 0 0 -3.60526e-07 -1.27509e-07 1.50977e-06 
0.263472 0.073068 -0.118304 
0.00132167 0.000904409 -0.000541357 
0.000295917 0 0 0 0 6.35275e-22 
0 0.000295917 0 0 0 0 
0 0 0.000295917 -8.47033e-22 2.11758e-22 0 
0 -8.47033e-22 8.47033e-22 2.08185e-06 5.54123e-07 -3.4012e-07 
8.47033e-22 0 0 5.54123e-07 1.67406e-06 -1.94654e-07 
-8.47033e-22 0 0 -3.4012e-07 -1.94654e-07 1.44478e-06 
0.284263 0.0500574 -0.100212 
0.00135359 0.000763432 -0.000411598 
0.000295917 0 0 0 0 0 
0 0.000295917 0 3.97047e-23 0 2.11758e-22 
0 0 0.000295917 0 0 0 
0 8.99973e-22 -1.69407e-21 2.15173e-06 6.26315e-07 -1.53342e-07 
-8.99973e-22 0 0 6.26315e-07 1.32019e-06 -2.24301e-07 
1.69407e-21 0 0 -1.53342e-07 -2.24301e-07 1.63128e-06 
0.29138 0.049913 -0.0679655 
0.00153004 0.00086013 -0.000217629 
0.000295917 0 0 0 0 0 
0 0.000295917 0 0 0 0 
0 0 0.000295917 4.23516e-22 0 0 
0 0 8.47033e-22 2.3996e-06 7.27765e-07 -2.9684e-07 
0 0 0 7.27765e-07 1.61544e-06 2.33494e-07 
-8.47033e-22 0 0 -2.9684e-07 2.33494e-07 1.68685e-06 
0.311234 0.0168556 -0.0495388 
0.00154953 0.000766627 -0.000182016 
0.000295917 0 0 0 8.47033e-22 4.23516e-22 
0 0.000295917 0 -6.35275e-22 0 0 
0 0 0.000295917 0 0 0 
0 -5.29396e-22 1.69407e-21 2.47546e-06 6.25976e-07 -3.15603e-07 
5.29396e-22 0 -8.47033e-22 6.25976e-07 1.63578e-06 3.31867e-07 
-1.69407e-21 8.47033e-22 0 -3.15603e-07 3.31867e-07 1.53322e-06 
0.314048 0.0153727 -0.014418 
0.0015225 0.000766783 5.64266e-07 
0.000295917 0 0 0 0 0 
0 0.000295917 0 0 0 -2.11758e-22 
0 0 0.000295917 0 0 0 
0 0 -2.5411e-21 2.34329e-06 5.81476e-07 2.47728e-08 
0 0 4.23516e-22 5.81476e-07 1.48162e-06 -4.83133e-08 
2.5411e-21 -4.23516e-22 0 2.47728e-08 -4.83133e-08 1.44739e-06 
0.326615 -0.0100869 0.00671036 
0.0014769 0.000725481 1.35798e-05 
0.000295917 0 0 0 -1.69407e-21 -8.47033e-22 
0 0.000295917 0 1.48231e-21 0 0 
0 0 0.000295917 1.69407e-21 0 0 
0 -2.11758e-22 1.69407e-21 2.30155e-06 4.75693e-07 3.11338e-08 
2.11758e-22 0 0 4.75693e-07 1.56783e-06 -3.84131e-08 
-1.69407e-21 0 0 3.11338e-08 -3.84131e-08 1.20163e-06 
0.322465 -0.00557127 0.0427996 
0.00145639 0.000738378 0.000140608 
0.000295917 0 0 0 1.69407e-21 1.27055e-21 
0 0.000295917 0 -1.69407e-21 0 2.11758e-22 
0 0 0.000295917 -8.47033e-22 0 0 
0 0 0 2.27416e-06 4.74506e-07 1.02707e-07 
0 0 0 4.74506e-07 1.57912e-06 5.04285e-08 
0 0 0 1.02707e-07 5.04285e-08 1.19601e-06 
0.332135 -0.0289505 0.0661518 
0.00137311 0.000701434 0.000129202 
0.000295917 0 0 0 0 -8.47033e-22 
0 0.000295917 0 2.11758e-22 0 0 
0 0 0.000295917 8.47033e-22 0 0 
0 4.23516e-22 8.47033e-22 2.18722e-06 4.12152e-07 1.26155e-07 
-4.23516e-22 0 0 4.12152e-07 1.60152e-06 7.06879e-09 
-8.47033e-22 0 0 1.26155e-07 7.06879e-09 1.03053e-06 
0.326648 -0.0273312 0.103816 
0.00139834 0.000733064 0.000212896 
0.000295917 0 0 0 0 0 
0 0.000295917 0 0 0 -1.05879e-22 
0 0 0.000295917 0 0 0 
0 0 -8.47033e-22 2.32788e-06 3.76488e-07 1.08755e-07 
0 0 0 3.76488e-07 1.754e-06 2.39811e-07 
8.47033e-22 0 0 1.08755e-07 2.39811e-07 1.00174e-06 
0.315414 -0.029764 0.179272 
0.00143785 0.000877158 0.000261956 
0.000295917 0 0 0 8.47033e-22 -4.23516e-22 
0 0.000295917 0 -8.47033e-22 0 0 
0 0 0.000295917 0 0 0 
0 0 0 2.37623e-06 5.00416e-07 5.36317e-08 
0 0 0 5.00416e-07 1.76769e-06 3.45906e-07 
0 0 0 5.36317e-08 3.45906e-07 1.23864e-06 
0.30638 -0.0253484 0.213842 
0.00141032 0.000861474 0.000260211 
0.000295917 0 0 0 -8.47033e-22 0 
0 0.000295917 0 1.69407e-21 0 0 
0 0 0.000295917 -4.23516e-22 -2.11758e-22 0 
0 0 6.35275e-22 2.17294e-06 6.22127e-07 2.15014e-07 
0 0 -2.11758e-22 6.22127e-07 1.57505e-06 -3.01852e-09 
-6.35275e-22 2.11758e-22 0 2.15014e-07 -3.01852e-09 1.43726e-06 
0.285229 0.00419136 0.221358 
0.00127124 0.000925017 0.000264768 
0.000295917 0 0 0 8.47033e-22 8.47033e-22 
0 0.000295917 0 -8.47033e-22 0 0 
0 0 0.000295917 -8.47033e-22 0 0 
0 0 -8.47033e-22 1.9841e-06 5.96379e-07 2.35558e-07 
0 0 -8.47033e-22 5.96379e-07 1.64498e-06 8.8642e-09 
8.47033e-22 8.47033e-22 0 2.35558e-07 8.8642e-09 1.30515e-06 
0.271462 0.0133118 0.253756 
0.00128069 0.000941763 0.000294161 
0.000295917 0 0 0 0 0 
0 0.000295917 0 0 0 0 
0 0 0.000295917 2.11758e-22 -2.11758e-22 0 
0 0 1.27055e-21 1.99069e-06 6.44557e-07 2.99187e-07 
0 0 4.23516e-22 6.44557e-07 1.67362e-06 -5.36148e-08 
-1.27055e-21 -4.23516e-22 0 2.99187e-07 -5.36148e-08 1.40247e-06 
0.247573 0.0413363 0.258303 
0.00116657 0.00104842 0.000296826 
0.000295917 0 0 0 0 0 
0 0.000295917 0 0 0 0 
0 0 0.000295917 0 0 0 
0 1.69407e-21 -1.69407e-21 1.83726e-06 6.52518e-07 1.66677e-07 
-1.69407e-21 0 0 6.52518e-07 1.70619e-06 1.19558e-07 
1.69407e-21 0 0 1.66677e-07 1.19558e-07 1.38874e-06 
0.336626 -0.0528925 0.127225 
0.00138752 0.000738618 0.000206541 
0.000295917 0 0 0 0 0 
0 0.000295917 0 -6.35275e-22 0 4.23516e-22 
0 0 0.000295917 0 -4.23516e-22 0 
0 -4.23516e-22 0 2.23505e-06 4.19831e-07 1.09401e-07 
4.23516e-22 0 0 4.19831e-07 1.63456e-06 1.84514e-07 
0 0 0 1.09401e-07 1.84514e-07 1.08004e-06 
0.331861 -0.0547878 0.166059 
0.0015132 0.000805462 0.000224769 
0.000295917 0 0 0 0 0 
0 0.000295917 0 0 0 0 
0 0 0.000295917 0 0 0 
0 0 -8.47033e-22 2.49057e-06 4.19965e-07 1.49476e-07 
0 0 0 4.19965e-07 1.89711e-06 1.80005e-07 
8.47033e-22 0 0 1.49476e-07 1.80005e-07 1.08496e-06 
0.23177 0.0498259 0.287065 
0.00110628 0.00102761 0.000339224 
0.000295917 0 0 0 -8.47033e-22 0 
0 0.000295917 0 0 0 0 
0 0 0.000295917 0 -4.23516e-22 0 
0 0 0 1.75972e-06 6.28966e-07 1.55321e-07 
0 0 -4.23516e-22 6.28966e-07 1.65786e-06 1.7148e-07 
0 4.23516e-22 0 1.55321e-07 1.7148e-07 1.36559e-06 
0.205765 0.0748488 0.284111 
0.000927687 0.00116694 0.000344565 
0.000295917 0 0 0 4.23516e-22 0 
0 0.000295917 0 -8.47033e-22 0 8.47033e-22 
0 0 0.000295917 0 -8.47033e-22 0 
0 8.47033e-22 8.47033e-22 1.67445e-06 6.17776e-07 -6.47953e-08 
-8.47033e-22 0 8.47033e-22 6.17776e-07 1.82748e-06 3.68765e-07 
-8.47033e-22 -8.47033e-22 0 -6.47953e-08 3.68765e-07 1.35304e-06 
0.18832 0.0810617 0.308739 
0.000943794 0.00121489 0.000380158 
0.000295917 0 0 0 0 0 
0 0.000295917 0 0 0 0 
0 0 0.000295917 -2.11758e-22 -2.11758e-22 0 
0 0 -2.11758e-22 1.71145e-06 6.17246e-07 -2.92318e-08 
0 0 -2.11758e-22 6.17246e-07 1.89836e-06 3.71798e-07 
2.11758e-22 2.11758e-22 0 -2.92318e-08 3.71798e-07 1.37862e-06 
0.159616 0.101844 0.299592 
0.00066804 0.00133964 0.000365701 
0.000295917 0 0 0 2.11758e-22 0 
0 0.000295917 0 0 0 0 
0 0 0.000295917 0 0 0 
0 0 0 1.57591e-06 5.06322e-07 -1.93133e-07 
0 0 0 5.06322e-07 2.11679e-06 4.25851e-07 
0 0 0 -1.93133e-07 4.25851e-07 1.27835e-06 
0.139958 0.105296 0.322173 
0.000679769 0.00138896 0.000390572 
0.000295917 0 0 0 0 0 
0 0.000295917 0 0 0 8.47033e-22 
0 0 0.000295917 -4.23516e-22 -4.23516e-22 0 
0 0 0 1.58155e-06 5.16564e-07 -1.60813e-07 
0 0 -4.23516e-22 5.16564e-07 2.17395e-06 4.19196e-07 
0 4.23516e-22 0 -1.60813e-07 4.19196e-07 1.33377e-06 
0.0984091 0.133011 0.277707 
0.000395529 0.00139958 0.00058098 
0.000295917 0 0 0 -8.47033e-22 0 
0 0.000295917 0 0 0 0 
0 0 0.000295917 0 0 0 
0 0 4.23516e-22 1.39639e-06 3.23537e-07 -6.45811e-08 
0 0 8.47033e-22 3.23537e-07 2.15665e-06 4.77646e-07 
-4.23516e-22 -8.47033e-22 0 -6.45811e-08 4.77646e-07 1.33968e-06 
0.108374 0.119648 0.310919 
0.000358577 0.00147667 0.000350001 
0.000295917 0 0 0 0 0 
0 0.000295917 0 -4.23516e-22 0 -4.23516e-22 
0 0 0.000295917 0 0 0 
0 6.35275e-22 0 1.34552e-06 3.05921e-07 -1.62761e-07 
-6.35275e-22 0 -1.69407e-21 3.05921e-07 2.29571e-06 3.22703e-07 
0 1.69407e-21 0 -1.62761e-07 3.22703e-07 1.25173e-06 
0.0568759 0.157749 0.232732 
0.000140098 0.00145986 0.000660322 
0.000295917 0 0 0 -8.47033e-22 0 
0 0.000295917 0 0 0 8.47033e-22 
0 0 0.000295917 0 -8.47033e-22 0 
0 0 4.23516e-22 1.37021e-06 1.77731e-07 -1.49614e-07 
0 0 8.47033e-22 1.77731e-07 2.26476e-06 5.20023e-07 
-4.23516e-22 -8.47033e-22 0 -1.49614e-07 5.20023e-07 1.3991e-06 
0.0662231 0.143267 0.266201 
0.000123876 0.00149141 0.000543003 
0.000295917 0 0 0 0 0 
0 0.000295917 0 0 0 -8.47033e-22 
0 0 0.000295917 5.29396e-23 1.69407e-21 0 
0 2.11758e-22 -3.70577e-22 1.33763e-06 1.556e-07 -1.64666e-07 
-2.11758e-22 0 0 1.556e-07 2.3168e-06 4.37933e-07 
3.70577e-22 0 0 -1.64666e-07 4.37933e-07 1.32391e-06 
0.0156059 0.179186 0.186628 
5.21691e-07 0.00152772 0.000654245 
0.000295917 0 0 0 0 0 
0 0.000295917 0 0 0 0 
0 0 0.000295917 0 0 0 
0 0 -4.23516e-22 1.41319e-06 2.12269e-08 -4.8644e-08 
0 0 0 2.12269e-08 2.35138e-06 5.11417e-07 
4.23516e-22 0 0 -4.8644e-08 5.11417e-07 1.37623e-06 
0.0235169 0.164788 0.220308 
1.7095e-07 0.00150091 0.000640365 
0.000295917 0 0 0 0 0 
0 0.000295917 0 -8.47033e-22 0 0 
0 0 0.000295917 -1.05879e-22 0 0 
0 0 -5.29396e-22 1.32129e-06 6.9285e-08 -1.62068e-07 
0 0 1.69407e-21 6.9285e-08 2.33251e-06 4.76929e-07 
5.29396e-22 -1.69407e-21 0 -1.62068e-07 4.76929e-07 1.4182e-06 
0.00428389 0.204961 0.11737 
1.38239e-05 0.00153274 0.000484152 
0.000295917 0 0 0 0 4.23516e-22 
0 0.000295917 0 4.23516e-22 0 4.23516e-22 
0 0 0.000295917 -3.17637e-22 0 0 
0 -1.27055e-21 1.05879e-22 1.36993e-06 1.98496e-08 -3.09822e-08 
1.27055e-21 0 0 1.98496e-08 2.36116e-06 3.9367e-07 
-1.05879e-22 0 0 -3.09822e-08 3.9367e-07 1.24029e-06 
0.00103604 0.214022 0.0804136 
-1.65114e-05 0.00167584 0.000302745 
0.000295917 0 0 0 0 0 
0 0.000295917 0 0 0 0 
0 0 0.000295917 2.11758e-22 0 0 
0 1.69407e-21 2.11758e-22 1.58307e-06 -2.93004e-08 1.02743e-07 
-1.69407e-21 0 0 -2.93004e-08 2.62262e-06 2.77876e-07 
-2.11758e-22 0 0 1.02743e-07 2.77876e-07 1.14052e-06 
-0.0166233 0.184609 0.174302 
1.15704e-05 0.00152299 0.000656174 
0.000295917 0 0 0 0 4.23516e-22 
0 0.000295917 0 -2.11758e-22 0 0 
0 0 0.000295917 -2.11758e-22 0 0 
0 6.35275e-22 -2.11758e-22 1.37732e-06 1.34743e-08 -1.04599e-08 
-6.35275e-22 0 0 1.34743e-08 2.34197e-06 5.00535e-07 
2.11758e-22 0 0 -1.04599e-08 5.00535e-07 1.39616e-06 
-0.0221465 0.197749 0.139624 
-1.61347e-05 0.00160739 0.000530732 
0.000295917 0 0 0 8.47033e-22 0 
0 0.000295917 0 0 0 0 
0 0 0.000295917 0 -4.23516e-22 0 
0 1.69407e-21 0 1.45631e-06 -2.13717e-08 2.93438e-08 
-1.69407e-21 0 -8.47033e-22 -2.13717e-08 2.47676e-06 4.33782e-07 
0 8.47033e-22 0 2.93438e-08 4.33782e-07 1.30733e-06 
-0.0309942 0.216144 0.0690066 
1.77895e-05 0.00177611 0.000335967 
0.000295917 0 0 0 0 2.11758e-22 
0 0.000295917 0 4.23516e-22 0 0 
0 0 0.000295917 -1.05879e-22 0 0 
0 -8.47033e-22 1.05879e-22 1.3951e-06 -4.18747e-08 2.98115e-07 
8.47033e-22 0 0 -4.18747e-08 2.79717e-06 2.51973e-07 
-1.05879e-22 0 0 2.98115e-07 2.51973e-07 1.49656e-06 
-0.0401615 0.220861 0.0380741 
-2.15742e-05 0.00154474 0.000171535 
0.000295917 0 0 0 -4.23516e-22 5.29396e-23 
0 0.000295917 0 8.47033e-22 0 -1.69407e-21 
0 0 0.000295917 -5.29396e-23 1.69407e-21 0 
0 -8.47033e-22 1.05879e-22 8.75195e-07 -2.89612e-08 5.50615e-08 
8.47033e-22 0 0 -2.89612e-08 2.49993e-06 9.67171e-08 
-1.05879e-22 0 0 5.50615e-08 9.67171e-08 1.64702e-06 
-0.0209141 0.22378 0.00950397 
7.30056e-07 0.00165702 0.000141524 
0.000295917 0 0 0 8.47033e-22 0 
0 0.000295917 0 -1.69407e-21 0 1.69407e-21 
0 0 0.000295917 0 -8.47033e-22 0 
0 1.69407e-21 0 1.44415e-06 1.07199e-08 -1.19623e-07 
-1.69407e-21 0 8.47033e-22 1.07199e-08 2.57566e-06 1.22502e-07 
0 -8.47033e-22 0 -1.19623e-07 1.22502e-07 1.15244e-06 
0.0129053 0.224412 0.0022622 
-2.01476e-06 0.00175464 0.000150195 
0.000295917 0 0 0 1.69407e-21 0 
0 0.000295917 0 -8.47033e-22 0 0 
0 0 0.000295917 0 0 0 
0 -8.47033e-22 0 1.61003e-06 -2.44003e-08 2.69172e-07 
8.47033e-22 0 0 -2.44003e-08 2.7822e-06 1.3712e-07 
0 0 0 2.69172e-07 1.3712e-07 1.19569e-06 
0.0259579 0.226631 -0.0347559 
1.75588e-05 0.00156844 5.45463e-05 
0.000295917 0 0 0 0 -2.64698e-23 
0 0.000295917 0 0 0 -1.69407e-21 
0 0 0.000295917 0 1.48231e-21 0 
0 1.69407e-21 -5.29396e-23 1.26972e-06 6.07954e-09 2.04927e-07 
-1.69407e-21 0 4.23516e-22 6.07954e-09 2.44786e-06 4.18107e-08 
5.29396e-23 -4.23516e-22 0 2.04927e-07 4.18107e-08 1.18118e-06 
0.0599133 0.225046 -0.0488355 
0.000167629 0.00160137 3.50791e-05 
0.000295917 0 0 0 -1.69407e-21 1.05879e-22 
0 0.000295917 0 1.16467e-21 0 8.47033e-22 
0 0 0.000295917 -1.05879e-22 0 0 
0 -6.35275e-22 0 1.46987e-06 1.12715e-07 4.31622e-07 
6.35275e-22 0 0 1.12715e-07 2.62546e-06 -1.32351e-08 
0 0 0 4.31622e-07 -1.32351e-08 1.17861e-06 
0.070987 0.224778 -0.0864026 
0.00016121 0.00154323 3.94292e-05 
0.000295917 0 0 0 1.16467e-21 0 
0 0.000295917 0 -1.69407e-21 0 0 
0 0 0.000295917 5.29396e-23 4.23516e-22 0 
